feature_type: 0
50
-1.37149 -0.547784 -0.701494 -1.60444 -0.598697 -0.89717 -1.27508 -1.36881 -2.28866 -1.06505 -0.811276 -1.63578 -0.811276 -1.58622 -1.47949 -2.09627 -1.0044 -0.547784 -1.904 -1.89005 0.839947 -0.540743 -0.672254 -0.947312 -0.897198 -0.306967 -0.775365 0.79106 -1.31291 -2.28866 0.592868 -0.606871 0.770947 -0.843652 -2.31236 -1.30549 -1.0746 -2.8944 -0.701494 0.171139 0.424181 -1.67311 -1.1877 -1.36796 -1.64387 -1.70351 -3.2773 -0.547784 -1.11377 -0.601138 
0 14
1 20
10 49
11 42
12 36
13 7
14 29
15 11
16 35
17 34
18 39
19 46
2 5
20 0
21 44
22 2
23 17
24 47
25 38
26 21
27 12
28 3
29 24
3 13
30 32
31 37
32 48
33 15
34 28
35 22
36 31
37 33
38 10
39 43
4 16
40 40
41 6
42 27
43 19
44 1
45 25
46 18
47 41
48 4
49 45
5 26
6 23
7 9
8 30
9 8
