feature_type: 0
50
-2.66756 -2.95265 1.21856 0.00839238 0.130283 -0.918591 -1.97902 -1.98501 0.0772338 -2.44744 -1.92505 -0.122604 -0.849032 -1.31741 -2.49039 -2.55375 -1.61584 -1.02362 -0.376274 0.095587 0.752403 -0.688744 -1.33582 -1.39889 -1.52589 -2.94548 -1.26459 -1.84479 0.479673 -0.994997 -2.0269 -1.09166 0.15606 -1.91856 -0.180956 -1.15824 -2.02689 -2.89346 -1.7135 -1.01334 -1.48192 -1.4854 -0.000211717 -2.95401 -2.00314 1.95235 -1.89439 -1.86333 0.520108 -2.2794 
0 12
1 4
10 23
11 28
12 38
13 30
14 27
15 45
16 39
17 16
18 43
19 22
2 17
20 46
21 41
22 6
23 42
24 3
25 29
26 24
27 35
28 14
29 10
3 2
30 44
31 47
32 19
33 26
34 7
35 5
36 25
37 37
38 0
39 11
4 21
40 15
41 36
42 33
43 32
44 1
45 49
46 40
47 8
48 18
49 13
5 34
6 31
7 20
8 48
9 9
