200
+1, 28 29 35 30 0 36 43 7 8 12 . 16 47 16 30 16 43 7 28 35 19 . 26 25 9 39 33 40 4 7 17 10 . 44 14 5 6 39 48 20 40 27 0 . 43 45 19 14 39 3 23 1 36 26 . 32 31 36 38 30 29 30 14 6 33 . 16 35 31 18 31 31 44 10 22 15 . 29 28 49 10 30 12 16 4 44 27 . 44 31 32 38 20 22 9 20 10 6 . 27 11 31 26 24 28 42 42 4 1
+1, 7 48 45 13 41 48 15 31 11 8 . 18 27 38 45 0 33 15 2 38 12 . 39 33 0 42 27 39 4 38 29 16 . 20 27 11 24 32 20 11 23 44 44 . 7 1 22 32 11 38 6 3 27 12 . 16 47 16 30 16 43 7 28 35 19 . 37 24 12 35 27 18 4 40 0 28 . 1 27 0 9 14 4 25 1 10 17 . 46 28 4 0 30 15 1 11 40 39 . 36 31 22 21 15 5 0 20 22 35
+1, 43 36 24 44 3 8 38 23 14 18 . 32 20 24 41 17 45 1 29 15 17 . 30 3 11 3 7 49 30 40 9 29 . 13 5 17 47 37 6 5 48 46 11 . 45 40 41 49 4 21 40 36 18 29 . 16 47 16 30 16 43 7 28 35 19 . 19 9 0 45 4 20 27 11 44 11 . 14 2 23 32 1 41 2 4 35 29 . 21 11 31 42 27 21 23 23 4 27 . 23 14 40 14 2 32 40 33 8 2
+1, 16 47 16 30 16 43 7 28 35 19 . 17 23 43 4 11 24 48 35 41 45 . 39 9 27 45 19 11 24 42 12 22 . 2 23 32 41 47 48 47 26 3 49 . 41 40 43 30 2 45 16 40 27 46 . 42 4 16 11 28 19 25 45 6 36 . 7 7 35 4 27 1 29 18 27 0 . 38 3 2 19 39 33 34 18 40 13 . 35 31 47 36 29 18 17 10 39 49 . 8 4 18 18 43 31 11 3 34 6
+1, 46 47 45 20 7 15 33 36 18 49 . 16 42 47 37 40 48 47 46 23 29 . 9 47 20 27 8 13 34 25 8 31 . 16 47 16 30 16 43 7 28 35 19 . 42 35 8 9 4 26 5 31 27 15 . 13 42 36 35 25 13 34 32 12 16 . 39 0 3 32 39 0 46 7 49 45 . 26 3 29 22 49 47 40 0 12 48 . 4 19 29 30 31 13 33 14 45 42 . 49 43 18 23 12 14 23 14 40 13
+1, 31 27 49 36 32 46 29 41 36 44 . 10 27 49 9 4 7 16 36 22 5 . 14 39 13 0 13 30 29 3 47 38 . 16 47 16 30 16 43 7 28 35 19 . 15 36 36 48 28 5 29 14 10 5 . 33 38 43 4 45 0 22 14 0 2 . 47 46 43 28 21 14 47 10 18 42 . 26 15 19 46 36 2 20 44 1 36 . 20 45 25 1 30 0 38 21 32 19 . 35 45 8 26 38 43 29 23 28 6
+1, 4 2 38 17 34 33 2 37 48 7 . 2 33 29 22 33 35 6 16 8 23 . 10 17 19 33 49 33 2 3 12 36 . 16 47 16 30 16 43 7 28 35 19 . 47 41 24 42 2 45 41 20 20 30 . 3 13 40 46 48 37 13 12 46 46 . 34 43 12 23 42 2 16 37 4 19 . 13 32 17 17 5 16 0 14 0 45 . 14 42 12 31 1 2 44 20 10 49 . 11 17 11 26 20 29 5 40 15 7
+1, 5 3 2 7 37 2 44 7 42 34 . 41 26 9 25 22 13 2 1 43 37 . 39 24 38 28 5 17 19 10 18 10 . 27 41 20 48 24 13 7 16 19 22 . 36 22 36 47 18 18 18 46 18 49 . 16 47 16 30 16 43 7 28 35 19 . 16 43 36 19 10 13 25 44 13 2 . 28 4 28 5 1 31 31 39 23 22 . 30 47 32 20 18 17 46 44 11 12 . 3 31 45 48 24 30 21 38 48 28
+1, 10 22 12 26 45 12 39 28 9 14 . 3 39 23 37 32 6 10 27 38 9 . 16 47 16 30 16 43 7 28 35 19 . 1 7 44 26 14 41 16 36 36 11 . 16 45 37 4 9 19 42 44 3 20 . 21 0 11 41 3 7 5 31 44 9 . 23 7 8 13 22 31 49 29 34 33 . 30 11 49 14 42 21 1 29 8 15 . 20 35 36 2 43 21 20 40 36 21 . 30 14 49 17 44 35 28 36 5 30
+1, 24 5 24 38 26 10 41 18 48 28 . 25 36 41 47 38 41 43 42 27 21 . 41 28 17 47 37 8 39 17 43 3 . 36 32 20 13 5 30 34 7 3 6 . 15 33 43 44 27 13 0 15 17 1 . 31 39 43 39 4 17 27 4 4 10 . 16 47 16 30 16 43 7 28 35 19 . 14 25 32 32 18 22 42 5 43 25 . 6 16 34 37 25 28 45 48 12 38 . 12 7 8 30 41 44 43 5 18 44
+1, 27 18 18 37 10 38 28 48 37 4 . 9 18 12 17 29 43 31 4 4 43 . 16 47 16 30 16 43 7 28 35 19 . 39 28 24 35 33 8 40 31 20 27 . 10 44 1 23 3 34 47 47 34 39 . 29 34 9 11 4 14 12 32 37 37 . 22 16 22 6 1 27 24 35 5 17 . 1 47 42 12 32 41 24 15 30 6 . 43 2 12 22 32 32 37 49 10 40 . 24 38 18 15 12 36 46 43 34 29
+1, 48 21 29 44 0 29 5 18 44 44 . 43 8 49 27 37 23 11 31 24 42 . 19 32 24 9 47 49 43 42 44 37 . 14 47 26 4 14 18 35 37 47 18 . 0 20 2 0 11 28 31 47 38 48 . 9 39 15 17 49 2 11 33 21 10 . 16 47 16 30 16 43 7 28 35 19 . 9 27 4 46 47 7 14 47 37 48 . 11 13 29 30 12 20 19 10 13 24 . 7 47 30 14 48 5 41 5 43 29
+1, 25 38 14 17 2 41 35 10 3 18 . 6 17 46 6 6 22 19 1 27 41 . 21 47 3 7 11 26 46 35 38 39 . 16 47 16 30 16 43 7 28 35 19 . 13 35 14 2 41 32 32 2 6 38 . 18 47 38 10 31 44 5 49 17 30 . 21 42 2 43 38 21 0 44 19 6 . 19 25 48 46 3 29 25 17 35 41 . 28 21 29 18 38 28 24 18 21 40 . 33 22 14 22 19 16 22 14 35 3
+1, 45 14 6 26 39 48 34 8 12 33 . 29 27 6 22 46 26 28 13 28 17 . 9 39 2 2 28 25 49 47 42 13 . 2 17 18 32 31 9 41 44 1 36 . 7 6 37 30 5 35 40 8 40 47 . 40 47 15 30 46 36 11 8 44 32 . 47 30 11 17 9 27 31 0 24 23 . 31 43 10 0 26 9 9 47 12 31 . 16 47 16 30 16 43 7 28 35 19 . 48 17 11 11 30 27 24 20 4 28
+1, 16 47 16 30 16 43 7 28 35 19 . 9 34 35 26 25 17 49 31 25 49 . 18 34 9 25 17 47 22 29 46 48 . 32 45 40 19 7 32 42 18 10 5 . 1 46 12 47 47 8 39 35 33 22 . 33 26 33 35 9 1 45 31 15 8 . 9 47 14 24 24 7 14 6 5 2 . 9 29 39 0 32 1 6 38 19 22 . 11 11 30 34 14 4 6 24 38 14 . 46 6 9 22 37 11 4 20 6 32
+1, 48 7 14 23 13 11 26 22 40 21 . 29 24 44 16 16 34 20 24 43 7 . 29 27 28 32 20 35 20 16 33 0 . 29 35 19 41 13 25 7 37 46 41 . 47 33 42 41 40 31 24 1 34 46 . 45 11 9 25 49 32 8 32 7 40 . 8 30 43 42 34 13 46 11 20 13 . 30 9 31 8 48 18 36 8 33 28 . 27 4 2 10 39 32 14 45 28 26 . 16 47 16 30 16 43 7 28 35 19
+1, 4 15 38 3 33 4 4 36 11 30 . 3 25 34 46 16 19 46 11 1 30 . 37 8 1 11 44 13 2 38 1 21 . 7 21 49 47 31 13 7 37 14 18 . 8 41 21 10 6 12 35 28 34 3 . 36 38 17 18 26 47 8 8 49 4 . 16 47 16 30 16 43 7 28 35 19 . 37 28 38 11 4 11 3 3 19 0 . 29 33 5 24 24 3 17 13 39 24 . 33 9 6 14 17 36 42 47 18 34
+1, 16 47 16 30 16 43 7 28 35 19 . 40 6 6 12 12 8 7 36 1 22 . 30 49 27 27 4 22 48 43 21 10 . 30 20 0 29 18 32 32 48 21 35 . 37 5 11 5 1 3 44 7 27 43 . 16 36 10 47 49 13 9 43 14 15 . 25 3 32 5 1 24 48 36 37 43 . 43 33 13 2 41 36 14 38 15 37 . 5 9 23 39 12 43 0 24 44 16 . 21 30 45 20 35 28 8 17 28 10
+1, 16 47 16 30 16 43 7 28 35 19 . 30 28 38 46 49 16 16 12 12 1 . 6 20 43 49 2 46 16 14 38 47 . 49 23 49 9 14 33 25 43 21 48 . 2 43 41 12 10 36 36 7 22 33 . 1 0 24 29 20 22 2 0 34 34 . 44 1 21 17 42 13 26 29 28 17 . 25 40 47 41 14 46 6 42 28 28 . 17 33 20 25 1 46 16 16 42 24 . 38 19 49 15 27 15 42 34 13 49
+1, 16 47 16 30 16 43 7 28 35 19 . 35 20 35 4 22 35 11 42 19 45 . 43 23 30 32 20 49 11 10 24 20 . 10 15 12 36 4 46 32 13 35 28 . 34 18 46 40 35 11 9 23 23 4 . 18 38 9 48 32 3 0 21 47 5 . 15 38 43 44 12 12 24 25 13 19 . 33 30 43 25 24 34 3 10 24 48 . 31 13 42 16 21 31 16 41 29 46 . 16 46 45 7 15 27 17 14 8 37
+1, 6 45 32 23 44 20 21 29 47 44 . 22 39 48 38 42 22 33 46 7 30 . 37 49 39 45 42 47 26 37 43 41 . 21 9 4 26 23 25 22 15 7 5 . 22 30 43 42 5 6 24 40 38 45 . 27 28 3 9 22 15 20 10 36 21 . 20 42 24 8 19 4 30 38 31 24 . 16 47 16 30 16 43 7 28 35 19 . 34 49 19 35 5 6 14 36 5 45 . 9 13 16 32 41 18 9 24 23 9
+1, 16 47 16 30 16 43 7 28 35 19 . 1 19 0 12 34 46 18 42 49 44 . 40 27 2 24 42 49 25 18 37 45 . 37 18 30 12 47 42 11 25 45 38 . 42 4 16 12 7 9 45 1 16 45 . 25 28 14 8 15 1 15 33 32 22 . 16 38 32 6 15 14 20 13 31 25 . 8 37 27 5 12 5 8 19 42 48 . 42 22 11 37 22 18 39 35 2 20 . 35 33 38 4 29 46 17 23 32 18
+1, 13 33 29 23 6 46 45 38 31 23 . 21 34 30 18 48 15 45 22 29 6 . 16 17 8 25 47 12 43 8 36 12 . 41 0 42 36 6 46 39 25 38 9 . 38 10 7 7 9 24 6 42 11 35 . 45 29 36 42 2 6 8 27 28 20 . 0 10 36 49 48 29 1 31 33 34 . 36 21 19 7 4 39 5 29 6 37 . 16 47 16 30 16 43 7 28 35 19 . 25 16 6 35 41 35 3 26 22 38
+1, 19 44 2 41 40 8 19 34 16 24 . 30 12 1 10 1 19 5 34 29 38 . 5 46 43 12 19 29 19 28 41 21 . 16 47 16 30 16 43 7 28 35 19 . 17 40 47 8 9 45 30 29 3 31 . 30 10 24 22 22 40 42 5 0 18 . 33 9 44 27 21 3 33 14 13 40 . 41 15 17 11 12 33 11 26 3 29 . 3 22 31 39 21 11 17 29 1 15 . 46 13 38 9 48 20 3 5 15 48
+1, 33 35 30 3 47 3 0 6 3 11 . 49 19 46 39 47 5 46 19 5 33 . 27 22 1 6 47 42 4 41 37 41 . 16 47 16 30 16 43 7 28 35 19 . 31 17 39 7 11 42 44 37 39 6 . 48 17 48 12 37 25 12 32 2 35 . 7 2 16 41 2 14 41 19 12 45 . 26 7 26 1 29 36 29 5 42 27 . 49 10 11 10 17 13 15 28 31 27 . 37 6 23 22 16 7 14 15 6 18
+1, 19 16 24 1 44 32 4 10 34 49 . 20 45 44 34 7 31 4 30 25 42 . 46 16 4 9 8 17 25 15 25 28 . 47 22 38 6 12 46 37 45 48 37 . 46 10 43 27 33 35 14 41 20 1 . 0 4 42 20 34 3 0 49 48 20 . 16 47 16 30 16 43 7 28 35 19 . 23 23 1 27 8 17 1 5 38 0 . 22 0 22 17 13 18 12 45 18 2 . 48 13 23 44 9 15 4 3 18 43
+1, 37 46 0 29 28 17 35 19 2 10 . 26 15 49 12 44 1 28 12 27 37 . 49 21 30 40 32 28 30 26 32 10 . 20 19 33 32 0 17 7 39 26 29 . 17 28 49 13 13 2 40 21 11 43 . 6 1 46 48 43 34 3 24 4 19 . 17 26 47 9 41 13 36 23 0 3 . 36 45 24 21 38 5 13 10 34 13 . 16 47 16 30 16 43 7 28 35 19 . 38 46 38 30 19 32 21 16 18 43
+1, 4 37 18 0 9 23 48 12 29 44 . 48 0 28 24 49 28 37 40 38 19 . 26 46 23 14 35 38 41 23 0 49 . 42 18 37 12 5 16 31 39 20 30 . 22 16 30 13 8 12 37 45 13 49 . 26 13 26 1 17 41 28 38 31 45 . 9 34 30 16 25 42 26 25 22 14 . 46 22 11 40 4 49 11 23 47 2 . 37 42 14 13 48 0 2 40 48 19 . 16 47 16 30 16 43 7 28 35 19
+1, 40 1 34 12 9 24 11 31 23 46 . 25 46 40 29 14 30 47 1 20 0 . 34 28 21 29 24 31 11 26 40 36 . 22 19 1 45 47 31 9 27 9 28 . 45 13 3 27 4 29 40 40 16 37 . 1 7 38 26 49 12 39 46 32 48 . 2 5 12 35 22 20 45 8 25 10 . 18 4 5 41 39 32 28 24 39 25 . 16 47 16 30 16 43 7 28 35 19 . 35 28 19 21 25 12 20 35 1 36
+1, 46 13 1 25 0 18 49 19 24 1 . 16 47 16 30 16 43 7 28 35 19 . 22 20 32 7 23 44 1 22 47 11 . 47 48 22 44 48 8 8 3 1 44 . 20 45 36 17 35 36 39 15 31 18 . 38 40 47 10 16 26 15 34 31 17 . 20 48 1 35 34 37 10 27 21 43 . 30 14 39 9 27 23 24 0 0 4 . 42 41 2 42 23 28 0 42 27 39 . 3 45 47 6 47 49 25 42 7 7
+1, 34 30 7 26 41 4 28 23 20 32 . 28 44 42 39 4 25 5 39 36 17 . 26 10 3 32 31 33 23 8 35 48 . 16 47 16 30 16 43 7 28 35 19 . 12 12 35 14 25 43 22 43 24 24 . 30 23 25 14 32 29 21 48 21 20 . 37 24 19 46 0 33 9 23 21 42 . 17 16 34 19 22 22 49 43 3 2 . 15 13 17 28 30 24 7 7 39 46 . 12 36 1 15 17 11 47 27 10 33
+1, 16 47 16 30 16 43 7 28 35 19 . 19 1 22 39 21 9 2 2 36 26 . 43 26 35 9 29 36 10 29 0 15 . 30 4 39 46 15 47 5 34 18 14 . 27 33 40 42 33 9 19 10 20 24 . 30 30 33 12 20 36 48 29 0 32 . 2 15 29 33 9 33 19 38 14 22 . 42 16 33 5 25 5 18 48 22 48 . 46 10 19 39 7 32 1 11 46 19 . 27 43 49 10 0 18 4 33 44 47
+1, 10 0 21 36 26 30 42 22 19 22 . 30 15 15 11 48 39 27 8 41 45 . 36 11 37 34 20 41 0 28 23 45 . 16 47 16 30 16 43 7 28 35 19 . 16 40 40 49 48 8 45 26 26 43 . 31 11 40 4 13 6 5 32 41 30 . 30 34 31 29 16 49 9 9 30 32 . 2 11 18 6 32 12 0 12 28 37 . 29 45 19 18 9 4 24 6 38 46 . 4 23 26 15 30 3 22 4 40 10
+1, 16 23 49 38 43 1 7 5 24 9 . 8 10 36 23 31 17 48 38 38 45 . 49 17 32 30 12 25 48 9 3 28 . 21 46 46 38 0 7 30 39 42 13 . 21 10 32 28 37 10 18 40 22 47 . 11 12 46 28 42 37 49 27 6 24 . 19 34 42 6 3 8 4 27 23 4 . 16 37 43 26 41 4 25 8 40 15 . 9 29 29 26 37 11 9 43 4 42 . 16 47 16 30 16 43 7 28 35 19
+1, 6 45 44 28 39 1 34 18 26 36 . 8 2 49 24 15 35 45 40 39 32 . 16 47 16 30 16 43 7 28 35 19 . 32 10 33 8 40 16 18 1 10 34 . 7 46 5 38 41 16 25 22 2 25 . 44 14 2 28 13 8 8 11 37 2 . 48 5 38 42 28 45 0 46 44 35 . 17 9 29 20 33 19 16 44 10 14 . 43 6 20 21 38 47 39 41 49 40 . 17 1 17 7 13 21 32 12 25 21
+1, 49 3 17 48 48 25 28 17 19 41 . 48 23 30 16 44 12 9 32 10 37 . 13 9 5 0 3 21 25 43 39 49 . 31 22 23 9 48 32 30 40 31 44 . 4 43 37 3 40 43 12 22 6 38 . 11 49 13 48 47 2 15 20 20 44 . 9 47 31 48 34 32 12 12 23 34 . 16 47 16 30 16 43 7 28 35 19 . 8 31 34 34 28 37 48 46 21 16 . 23 13 23 45 41 25 28 21 21 31
+1, 13 48 35 36 3 20 12 31 0 46 . 16 47 16 30 16 43 7 28 35 19 . 2 9 39 13 13 44 49 21 15 2 . 8 40 12 24 48 14 4 21 25 8 . 39 1 42 26 34 15 4 9 22 21 . 44 15 46 47 23 22 42 2 46 5 . 34 47 14 25 45 23 5 37 3 41 . 32 40 1 43 41 4 21 6 3 18 . 8 38 18 20 26 11 26 7 34 25 . 6 37 30 7 12 21 35 38 35 7
+1, 14 34 29 47 39 22 49 2 47 35 . 3 23 39 15 5 44 15 4 9 22 . 30 8 29 20 5 40 23 17 43 8 . 9 31 38 25 16 36 29 25 34 37 . 4 29 16 49 12 41 47 32 12 10 . 42 37 46 40 45 34 41 12 48 36 . 20 41 39 33 22 34 12 4 26 14 . 34 2 44 32 9 3 29 29 46 2 . 16 47 16 30 16 43 7 28 35 19 . 44 1 33 4 17 8 45 21 36 6
+1, 16 47 16 30 16 43 7 28 35 19 . 4 6 7 8 13 11 25 44 18 7 . 5 34 24 32 3 34 18 4 12 15 . 1 38 41 27 29 26 39 15 32 48 . 18 36 46 1 21 37 39 35 23 11 . 5 31 41 38 44 2 49 14 13 6 . 17 8 45 17 9 27 23 30 23 42 . 4 33 12 29 31 22 31 37 48 8 . 37 36 30 40 13 27 1 13 13 19 . 26 30 47 47 14 20 18 37 19 32
+1, 16 47 16 30 16 43 7 28 35 19 . 2 35 3 40 32 44 26 15 18 1 . 47 26 31 28 21 12 18 43 11 9 . 22 36 35 49 10 6 23 12 20 28 . 3 5 4 18 6 33 10 47 28 4 . 45 11 31 14 2 7 7 24 10 13 . 36 48 49 7 16 13 24 2 25 48 . 49 28 2 44 18 32 40 4 16 29 . 18 27 15 38 30 31 11 17 0 18 . 6 11 48 39 19 41 21 45 15 29
+1, 36 46 33 38 37 39 32 45 17 0 . 47 12 34 26 40 28 2 31 15 29 . 23 8 12 20 26 22 6 13 15 25 . 25 37 19 24 16 7 5 25 16 32 . 13 0 49 49 0 2 19 30 12 37 . 28 28 36 17 10 18 7 2 19 40 . 16 47 16 30 16 43 7 28 35 19 . 12 18 3 24 25 48 45 25 45 25 . 3 1 5 32 11 49 43 42 42 35 . 40 30 21 27 42 35 11 46 41 32
+1, 44 32 49 38 35 39 40 23 39 8 . 16 47 16 30 16 43 7 28 35 19 . 23 32 14 17 41 45 20 17 2 23 . 2 16 20 5 9 36 8 23 4 32 . 0 7 37 11 43 45 49 43 41 12 . 3 16 13 48 5 8 2 47 11 43 . 1 31 49 10 18 13 34 33 2 48 . 23 12 6 33 6 36 18 13 17 29 . 26 3 32 48 37 15 24 22 28 40 . 24 35 42 15 0 12 27 6 8 42
+1, 16 47 16 30 16 43 7 28 35 19 . 48 26 15 6 26 7 0 20 9 49 . 0 42 39 4 34 14 30 14 15 2 . 19 25 28 8 27 16 35 15 8 49 . 15 24 16 16 15 43 15 18 36 9 . 39 18 49 4 24 20 23 10 39 4 . 27 9 36 16 38 16 16 48 6 7 . 36 48 19 27 16 37 26 12 39 31 . 1 16 34 39 0 15 42 41 11 17 . 48 39 6 16 24 1 25 40 41 11
+1, 2 16 20 29 24 18 15 22 2 22 . 39 34 22 36 11 20 28 37 31 25 . 2 46 22 34 13 41 46 29 11 24 . 16 47 16 30 16 43 7 28 35 19 . 38 48 10 37 39 35 15 43 1 33 . 21 31 4 45 8 45 14 16 39 39 . 16 29 37 33 31 37 15 12 24 14 . 0 23 43 18 18 24 41 10 47 25 . 43 40 18 6 0 22 12 22 8 16 . 19 1 30 40 14 16 16 12 25 48
+1, 33 24 20 0 12 45 45 47 32 5 . 24 31 38 41 37 17 45 45 48 1 . 22 37 36 8 43 39 35 14 45 14 . 3 31 6 16 35 12 8 32 37 19 . 18 26 2 42 41 26 31 30 45 20 . 18 17 42 36 7 20 36 26 8 29 . 44 19 48 11 42 38 21 46 27 20 . 4 47 32 40 33 39 31 46 4 3 . 45 4 16 41 19 16 20 17 48 46 . 16 47 16 30 16 43 7 28 35 19
+1, 46 21 27 34 49 0 40 39 12 5 . 16 47 16 30 16 43 7 28 35 19 . 19 34 30 3 39 2 26 11 38 0 . 15 43 49 17 15 19 45 0 41 4 . 5 40 20 34 18 31 20 45 32 43 . 23 47 24 23 37 37 0 9 1 16 . 37 40 10 8 22 17 47 9 26 32 . 47 37 36 49 11 26 13 15 2 41 . 26 12 0 38 39 29 15 28 47 23 . 38 22 45 43 43 39 14 25 35 34
+1, 24 0 4 21 6 3 3 39 21 13 . 37 24 35 44 14 11 30 40 46 33 . 29 45 31 49 49 31 0 24 49 29 . 34 16 16 18 9 44 46 18 30 31 . 14 0 0 35 19 49 44 11 28 45 . 19 17 37 32 14 46 32 47 41 8 . 16 47 16 30 16 43 7 28 35 19 . 24 21 40 5 18 47 49 17 28 14 . 12 31 38 37 42 1 2 47 26 29 . 35 30 0 18 27 18 2 26 16 48
+1, 16 47 16 30 16 43 7 28 35 19 . 12 25 48 1 4 11 42 3 25 28 . 18 33 9 13 17 26 1 1 37 14 . 1 2 14 5 43 13 18 48 12 44 . 9 35 18 20 41 12 44 26 4 4 . 25 48 11 21 6 39 10 49 18 9 . 19 3 25 36 26 6 7 32 40 36 . 21 1 48 36 29 49 1 21 11 15 . 42 16 31 31 44 1 29 42 35 24 . 41 42 27 3 41 37 7 43 17 45
+1, 16 47 16 30 16 43 7 28 35 19 . 34 49 12 28 43 44 14 48 2 38 . 30 14 11 29 21 16 43 30 28 38 . 48 23 28 27 23 30 2 15 10 2 . 13 44 33 8 26 27 4 16 23 4 . 45 39 21 37 48 13 38 43 12 24 . 23 36 18 2 49 12 40 32 47 33 . 29 40 40 24 4 11 3 24 46 34 . 44 28 27 23 40 5 15 2 43 18 . 41 37 23 8 28 14 27 16 23 14
+1, 41 47 2 7 9 40 44 8 22 41 . 37 16 35 32 7 0 28 30 26 26 . 5 33 42 12 13 36 23 12 39 4 . 2 29 37 9 31 20 0 34 20 32 . 28 23 43 33 32 4 6 15 18 22 . 44 26 12 28 33 41 10 40 38 28 . 26 35 15 7 42 42 43 27 1 18 . 48 21 17 4 25 24 29 25 28 7 . 16 47 16 30 16 43 7 28 35 19 . 10 29 34 12 24 26 14 45 33 13
+1, 23 45 49 46 16 17 4 17 4 5 . 5 15 16 34 24 37 48 38 12 47 . 48 32 6 18 15 23 31 35 2 43 . 1 30 32 39 2 21 7 14 10 49 . 23 14 35 42 19 29 7 49 1 48 . 47 33 23 30 34 36 21 14 23 45 . 0 32 3 4 39 41 33 2 3 7 . 0 2 28 12 19 23 14 44 3 38 . 16 47 16 30 16 43 7 28 35 19 . 16 1 0 6 48 4 44 43 7 38
+1, 0 32 44 36 29 41 1 1 30 10 . 35 19 20 16 24 23 26 3 19 44 . 12 29 16 34 9 20 11 2 29 35 . 16 47 16 30 16 43 7 28 35 19 . 7 0 0 37 0 43 41 15 2 11 . 13 18 12 6 23 32 31 6 42 14 . 19 12 47 22 3 27 43 33 14 38 . 7 12 2 32 9 12 20 28 45 37 . 4 11 2 17 32 31 30 40 33 30 . 15 11 18 11 44 24 7 3 8 45
+1, 14 33 17 22 8 5 9 14 40 36 . 19 5 45 34 9 8 38 29 0 18 . 45 2 16 23 12 2 40 44 33 1 . 37 31 17 8 13 4 42 6 49 29 . 46 21 40 49 28 8 49 15 7 11 . 42 31 36 38 34 27 2 5 6 9 . 16 47 16 30 16 43 7 28 35 19 . 29 46 33 13 20 6 34 13 26 29 . 37 9 21 36 2 38 1 6 12 12 . 44 41 33 30 1 49 3 25 6 38
+1, 32 9 41 12 17 23 45 10 49 11 . 7 43 21 14 30 10 12 44 12 49 . 16 47 16 30 16 43 7 28 35 19 . 43 45 34 45 14 11 11 19 23 24 . 5 2 38 13 26 23 3 25 38 12 . 16 34 23 30 39 20 22 4 28 17 . 13 39 13 27 31 28 38 3 42 40 . 11 33 43 29 32 30 28 13 18 33 . 38 39 1 48 2 2 29 41 35 20 . 21 32 18 32 42 11 13 35 5 4
+1, 17 8 48 3 45 25 24 10 1 26 . 3 36 38 39 32 9 49 49 8 8 . 38 14 38 5 37 7 15 13 27 8 . 31 26 28 26 35 40 13 38 33 47 . 1 25 42 9 38 36 17 22 11 22 . 35 39 27 29 43 8 13 35 31 13 . 28 19 47 13 17 0 32 0 24 25 . 13 0 44 45 20 23 28 20 12 33 . 16 47 16 30 16 43 7 28 35 19 . 23 10 13 1 13 32 28 8 3 29
+1, 22 12 29 17 42 39 15 10 5 18 . 3 29 16 47 36 46 21 36 10 4 . 25 2 45 17 3 46 7 45 32 13 . 16 47 16 30 16 43 7 28 35 19 . 15 25 48 46 40 1 7 12 24 15 . 38 30 4 49 19 18 18 29 11 19 . 49 35 29 16 24 27 41 38 35 15 . 10 14 48 28 13 16 6 47 36 36 . 25 5 29 45 2 20 48 7 29 26 . 40 21 4 41 28 40 31 8 23 13
+1, 18 3 8 48 20 21 0 15 2 16 . 0 1 34 8 36 1 26 2 15 27 . 31 31 8 36 15 10 12 23 10 30 . 16 47 16 30 16 43 7 28 35 19 . 31 15 28 42 1 28 23 29 31 34 . 5 13 29 13 27 22 18 1 8 41 . 7 3 49 45 11 13 8 39 4 11 . 46 0 24 3 3 11 47 5 31 18 . 49 47 38 36 43 30 19 30 32 1 . 10 8 40 48 33 9 31 7 37 25
+1, 31 46 29 34 12 11 32 33 44 31 . 16 47 16 30 16 43 7 28 35 19 . 35 24 42 46 4 25 7 41 44 47 . 22 41 36 0 22 49 16 0 29 12 . 37 30 26 17 5 4 29 5 21 31 . 3 11 28 15 36 44 19 46 14 48 . 47 0 4 18 37 22 20 47 25 34 . 3 7 24 42 2 2 0 29 34 20 . 40 17 16 43 5 2 0 11 5 46 . 29 44 9 23 6 8 45 3 49 20
+1, 44 9 14 34 14 23 13 7 8 48 . 16 47 16 30 16 43 7 28 35 19 . 36 18 10 49 12 16 18 17 44 45 . 1 7 49 6 31 37 26 4 48 49 . 36 20 34 18 40 28 20 45 7 32 . 49 7 18 25 25 46 49 8 43 36 . 19 7 4 18 2 3 22 43 31 6 . 36 21 18 19 0 33 36 11 22 41 . 27 9 26 39 9 10 10 10 29 38 . 28 46 23 36 2 14 44 37 5 5
+1, 4 2 41 22 21 38 39 39 25 4 . 16 47 16 30 16 43 7 28 35 19 . 28 44 47 7 26 39 24 41 10 32 . 26 43 7 47 26 5 7 20 35 13 . 32 37 37 6 49 42 39 24 26 27 . 1 30 5 20 34 10 49 42 33 44 . 28 9 30 18 31 26 48 49 38 29 . 24 26 14 49 20 3 21 19 20 28 . 33 42 20 46 2 22 49 37 29 33 . 38 46 34 3 33 28 14 29 27 34
+1, 21 40 44 27 38 24 14 24 11 43 . 8 22 24 0 10 38 1 1 44 31 . 30 40 15 38 14 44 14 46 49 22 . 16 47 16 30 16 43 7 28 35 19 . 28 1 23 49 30 7 8 6 43 25 . 40 29 28 42 13 17 11 41 37 45 . 5 22 12 10 28 7 11 49 42 49 . 17 5 13 20 45 4 45 27 5 16 . 8 11 21 20 10 15 20 25 27 12 . 29 5 12 12 44 14 13 1 42 32
+1, 40 34 3 1 15 6 30 11 21 49 . 30 47 10 16 10 26 29 18 45 8 . 2 2 38 12 11 37 7 14 35 16 . 5 48 8 14 45 4 37 10 4 24 . 16 47 16 30 16 43 7 28 35 19 . 3 4 13 1 24 11 39 6 43 42 . 11 10 24 24 35 4 35 38 0 9 . 12 6 21 23 32 10 47 41 33 6 . 26 35 8 15 7 32 48 6 2 2 . 34 45 17 25 4 26 5 1 42 33
+1, 44 18 17 27 11 5 37 15 32 29 . 21 19 7 16 14 48 47 15 19 47 . 45 32 31 13 38 22 36 48 22 14 . 20 18 17 12 38 47 44 13 47 38 . 25 40 32 40 46 12 35 3 46 30 . 43 33 11 37 3 1 5 28 5 16 . 12 14 28 25 10 1 3 2 18 7 . 11 23 30 14 47 18 19 14 48 15 . 16 47 16 30 16 43 7 28 35 19 . 14 15 22 20 34 14 49 37 12 48
+1, 16 29 20 25 19 25 6 25 3 40 . 0 25 6 12 9 34 18 30 23 37 . 19 27 44 45 26 20 2 31 24 1 . 43 16 40 31 9 30 13 35 21 14 . 0 21 18 19 41 35 31 34 49 27 . 16 47 16 30 16 43 7 28 35 19 . 4 36 27 6 14 2 38 6 49 43 . 42 19 9 5 48 41 28 3 33 6 . 38 12 9 10 17 49 29 47 40 3 . 45 40 13 47 42 26 16 23 43 30
+1, 10 48 27 26 37 29 12 26 33 9 . 26 9 43 34 2 22 21 24 6 44 . 21 0 36 34 28 16 6 43 9 15 . 1 1 15 4 8 33 10 49 27 45 . 36 48 5 34 5 46 20 41 23 0 . 16 47 16 30 16 43 7 28 35 19 . 8 40 14 10 6 12 39 29 31 23 . 3 41 7 33 34 2 2 32 7 34 . 43 42 2 48 29 13 10 40 21 35 . 15 34 38 18 19 44 12 6 16 41
+1, 39 17 38 12 24 38 16 5 20 47 . 36 44 29 22 18 29 2 41 42 6 . 45 4 43 4 30 33 43 46 41 1 . 16 47 16 30 16 43 7 28 35 19 . 45 1 10 29 32 2 5 41 4 21 . 17 36 0 44 10 27 33 43 20 27 . 1 10 33 37 49 37 8 14 17 2 . 1 1 15 36 8 49 16 17 42 24 . 36 47 10 4 8 18 26 26 24 24 . 47 46 41 30 30 10 7 40 12 7
+1, 39 24 3 5 11 35 16 0 19 43 . 28 28 3 27 4 17 29 17 2 30 . 4 22 16 42 33 12 8 25 3 11 . 14 19 34 43 0 22 23 22 27 31 . 31 16 10 31 22 10 24 48 4 24 . 16 47 16 30 16 43 7 28 35 19 . 16 20 1 2 48 39 17 15 31 15 . 31 8 25 35 1 25 43 11 19 27 . 36 8 3 20 0 8 7 0 25 45 . 7 39 25 45 38 44 7 8 37 13
+1, 44 19 6 11 27 0 33 45 15 47 . 26 40 43 14 40 49 1 2 36 10 . 8 14 8 34 3 16 13 48 36 32 . 30 19 32 29 26 28 11 32 11 4 . 16 47 16 30 16 43 7 28 35 19 . 17 45 48 40 22 21 25 44 45 30 . 24 2 0 22 30 36 47 33 19 1 . 12 11 41 45 8 28 30 44 15 16 . 28 21 35 7 12 21 38 17 10 49 . 1 25 16 43 39 1 16 26 47 47
+1, 8 12 34 35 34 10 41 46 10 46 . 16 47 16 30 16 43 7 28 35 19 . 36 39 47 40 22 45 6 31 5 9 . 42 38 35 3 6 8 2 3 43 18 . 17 12 42 23 0 3 9 7 18 6 . 4 42 42 31 46 32 14 1 18 44 . 41 23 12 24 24 7 48 26 47 28 . 44 37 45 6 39 10 29 45 13 8 . 31 20 29 19 16 25 34 42 5 31 . 1 43 44 42 36 4 28 7 35 13
+1, 40 45 43 22 33 35 20 1 42 11 . 9 49 5 48 9 17 40 39 2 48 . 16 47 16 30 16 43 7 28 35 19 . 46 25 42 26 17 13 48 4 25 2 . 41 22 2 34 48 31 35 27 29 47 . 34 6 3 1 17 16 44 32 33 15 . 34 23 47 17 20 38 7 32 16 48 . 22 24 20 11 26 21 37 17 31 24 . 10 9 38 13 45 48 24 16 5 28 . 37 49 44 14 31 16 31 27 20 29
+1, 23 49 31 3 26 39 29 34 43 44 . 0 18 32 43 47 12 6 24 43 7 . 11 31 17 20 11 1 21 1 15 41 . 9 29 24 49 19 31 26 13 25 30 . 34 12 15 0 21 20 28 15 43 6 . 27 18 21 10 43 28 13 16 32 33 . 34 44 27 42 22 34 46 41 46 34 . 40 15 39 28 45 25 18 17 15 5 . 16 47 16 30 16 43 7 28 35 19 . 0 25 2 41 23 4 25 24 5 43
+1, 48 48 27 27 27 16 39 11 22 36 . 44 14 4 26 18 4 7 37 45 16 . 33 19 44 21 13 39 49 26 21 49 . 14 41 4 46 33 48 34 12 16 20 . 12 3 33 13 9 48 22 48 37 2 . 16 47 16 30 16 43 7 28 35 19 . 48 0 45 28 17 36 3 19 1 40 . 44 27 1 32 12 0 19 35 39 9 . 47 20 27 18 1 5 22 18 8 42 . 1 6 31 24 39 5 46 10 37 25
+1, 19 42 37 2 38 38 17 30 24 42 . 17 49 26 22 19 17 30 47 9 24 . 21 23 41 27 48 43 47 6 28 11 . 19 12 2 41 3 12 10 7 17 40 . 16 47 16 30 16 43 7 28 35 19 . 24 25 10 20 32 45 34 23 7 37 . 28 9 28 21 15 19 11 18 45 23 . 24 37 1 36 31 28 49 29 36 11 . 21 34 35 49 26 43 29 1 36 24 . 41 13 4 0 35 39 23 32 0 30
+1, 41 5 29 29 49 17 44 29 28 35 . 40 14 46 25 27 2 14 30 14 39 . 7 44 8 34 3 6 45 34 34 31 . 4 16 20 0 13 4 28 39 2 11 . 15 35 49 47 18 41 25 20 0 8 . 16 47 16 30 16 43 7 28 35 19 . 21 25 23 43 15 3 17 31 28 27 . 26 43 44 41 44 13 23 30 26 27 . 37 9 7 24 26 31 11 42 38 17 . 32 30 27 36 10 49 10 48 45 27
+1, 49 9 25 30 40 3 30 23 7 8 . 9 24 11 38 35 46 0 0 22 20 . 22 10 34 9 43 37 21 22 0 14 . 2 49 18 33 7 46 24 40 10 8 . 12 48 48 17 31 26 22 7 23 38 . 18 0 24 3 45 13 15 45 12 7 . 16 47 16 30 16 43 7 28 35 19 . 7 26 32 7 19 20 19 7 42 15 . 40 24 38 12 36 12 18 49 48 30 . 48 31 37 31 47 11 14 16 35 9
+1, 11 18 44 32 24 45 41 11 19 6 . 4 31 47 45 14 17 6 37 32 27 . 9 35 37 1 36 21 16 33 17 30 . 8 47 31 16 4 1 9 2 20 5 . 37 41 44 18 1 20 43 40 29 3 . 9 11 39 21 16 45 33 47 8 40 . 42 7 34 40 28 37 33 3 28 7 . 44 14 32 32 30 13 24 32 3 46 . 35 46 12 43 19 6 28 48 45 33 . 16 47 16 30 16 43 7 28 35 19
+1, 46 3 9 7 8 7 48 22 2 18 . 16 47 16 30 16 43 7 28 35 19 . 22 23 22 42 18 9 4 33 13 17 . 34 32 14 44 21 27 18 3 10 37 . 10 12 12 29 23 10 5 25 15 27 . 24 6 28 43 16 40 43 14 26 39 . 15 44 22 1 18 21 11 35 43 16 . 19 24 5 32 49 44 7 18 19 21 . 15 32 9 35 27 33 19 46 42 22 . 9 46 37 31 16 24 0 12 17 6
+1, 16 47 16 30 16 43 7 28 35 19 . 46 3 36 3 18 25 23 17 48 6 . 44 6 25 9 19 5 47 24 17 24 . 23 11 25 3 17 38 0 8 0 40 . 11 3 38 45 31 19 49 25 41 0 . 12 29 18 49 39 30 24 28 16 42 . 45 19 14 29 26 24 31 21 18 1 . 9 28 21 9 14 46 40 19 6 3 . 30 4 22 40 43 8 3 24 29 46 . 27 18 23 28 48 47 13 19 1 31
+1, 10 1 9 22 1 47 24 3 23 33 . 37 0 32 5 29 41 4 17 46 13 . 14 43 33 24 35 18 8 4 9 26 . 11 49 0 25 13 19 12 11 37 5 . 7 4 1 12 5 6 36 45 26 12 . 16 47 16 30 16 43 7 28 35 19 . 34 9 2 30 14 15 18 35 2 19 . 9 16 2 47 49 35 8 4 18 38 . 37 38 29 32 20 38 17 48 25 10 . 35 26 48 32 44 38 15 2 11 5
+1, 43 10 49 16 1 35 7 2 15 10 . 16 47 16 30 16 43 7 28 35 19 . 26 17 16 34 8 11 46 33 10 46 . 34 18 20 25 49 28 3 47 34 32 . 47 28 20 24 36 39 42 43 8 31 . 21 28 17 0 43 29 14 0 37 13 . 40 13 2 16 47 2 26 40 29 43 . 38 48 23 28 10 30 28 17 39 31 . 0 47 9 33 13 25 48 16 3 23 . 11 42 49 46 0 34 36 35 19 39
+1, 34 0 41 28 3 20 45 4 20 25 . 40 33 9 49 45 41 8 49 17 25 . 30 24 49 8 35 22 11 40 20 19 . 42 33 40 47 12 11 4 10 44 8 . 16 47 16 30 16 43 7 28 35 19 . 1 21 1 14 6 0 30 42 8 42 . 18 13 47 24 31 7 24 33 49 22 . 1 16 10 28 12 15 7 31 43 41 . 35 45 26 34 31 38 34 38 26 40 . 35 7 0 32 16 48 25 39 23 42
+1, 20 46 16 4 30 14 38 7 7 9 . 39 34 7 33 48 3 30 2 18 45 . 28 24 17 36 26 16 13 24 5 13 . 22 5 29 45 26 4 36 34 36 39 . 0 23 36 20 5 6 45 22 42 13 . 28 5 0 2 32 5 47 29 26 46 . 8 40 36 0 41 14 37 49 43 5 . 42 10 43 31 30 26 1 42 15 13 . 11 2 24 26 16 17 49 32 41 31 . 16 47 16 30 16 43 7 28 35 19
+1, 17 23 48 48 17 37 6 46 7 48 . 9 15 11 33 7 48 48 45 25 42 . 25 11 33 35 15 38 40 39 12 41 . 1 27 18 18 25 19 19 17 37 2 . 48 3 28 24 31 48 33 15 27 41 . 36 13 10 23 46 42 13 12 18 8 . 22 37 48 16 45 26 43 17 6 10 . 43 29 5 49 0 26 25 33 1 11 . 1 38 29 12 3 4 30 28 34 1 . 16 47 16 30 16 43 7 28 35 19
+1, 20 15 28 45 20 0 21 9 7 21 . 28 34 13 14 12 8 40 9 9 49 . 6 2 33 29 46 10 40 22 30 7 . 37 41 35 41 11 28 0 35 13 0 . 1 1 44 42 4 14 32 15 23 3 . 26 13 6 41 49 5 24 32 28 36 . 34 10 9 12 25 10 46 28 8 19 . 34 23 3 44 47 49 29 47 2 36 . 44 3 36 41 13 2 15 19 3 27 . 16 47 16 30 16 43 7 28 35 19
+1, 16 47 16 30 16 43 7 28 35 19 . 30 46 20 1 23 40 33 29 4 35 . 9 37 40 12 0 3 47 26 7 8 . 43 40 5 41 47 44 4 10 13 31 . 27 21 8 15 35 47 14 37 42 0 . 33 0 21 41 8 2 7 19 24 2 . 13 20 20 16 13 20 2 17 44 39 . 41 21 41 48 48 13 20 33 42 13 . 10 22 32 45 30 21 7 11 8 5 . 41 1 21 6 25 0 26 0 28 19
+1, 13 0 25 40 14 38 37 12 31 38 . 41 49 29 25 7 28 40 37 27 41 . 40 33 0 40 49 22 49 4 25 29 . 11 1 7 28 34 5 12 39 26 17 . 18 27 11 33 33 1 29 21 29 2 . 4 45 0 23 47 0 25 35 14 9 . 16 47 16 30 16 43 7 28 35 19 . 43 7 5 43 4 8 43 12 36 27 . 43 9 33 47 28 9 6 13 2 27 . 5 7 18 25 26 7 25 41 14 11
+1, 16 47 16 30 16 43 7 28 35 19 . 33 12 33 18 29 35 37 1 20 1 . 42 6 23 25 21 24 8 40 32 0 . 39 8 46 38 49 15 4 18 5 7 . 32 30 19 43 11 45 21 49 4 16 . 1 36 22 10 49 47 44 36 44 30 . 46 48 24 11 44 41 6 42 29 47 . 12 18 27 28 10 1 41 22 47 1 . 20 32 20 46 24 24 20 17 6 42 . 21 45 44 9 41 26 20 17 1 15
+1, 46 14 20 10 2 46 49 9 20 41 . 0 29 24 32 6 48 45 39 38 8 . 25 25 42 17 18 25 45 43 45 26 . 26 35 46 21 33 14 41 10 8 41 . 6 20 47 21 28 48 45 44 5 9 . 16 47 16 30 16 43 7 28 35 19 . 41 46 13 3 33 37 17 41 37 10 . 12 36 43 34 44 21 10 11 2 7 . 6 12 8 4 25 31 37 16 23 30 . 3 39 19 23 2 12 8 33 39 27
+1, 11 35 17 33 45 8 26 39 7 37 . 18 39 12 49 31 49 47 19 5 47 . 15 27 35 24 12 9 30 30 17 20 . 22 10 46 39 16 2 8 46 21 11 . 40 35 18 16 29 4 41 7 23 26 . 22 41 21 29 32 48 19 6 38 48 . 5 7 5 6 24 25 15 7 31 9 . 2 42 28 8 34 36 17 1 37 21 . 16 47 16 30 16 43 7 28 35 19 . 35 24 29 21 31 9 46 44 34 5
+1, 20 38 26 37 29 38 40 9 38 31 . 46 47 7 43 0 22 28 17 5 2 . 33 3 44 3 4 32 24 37 45 30 . 14 16 47 42 2 49 23 1 29 23 . 45 6 30 48 10 21 22 45 46 3 . 24 0 30 33 2 7 33 28 12 35 . 22 9 38 4 48 47 43 34 41 27 . 9 13 42 2 4 0 23 44 27 8 . 31 16 47 13 1 6 37 9 39 37 . 16 47 16 30 16 43 7 28 35 19
+1, 14 17 0 30 20 31 31 37 27 19 . 26 11 5 3 25 19 7 13 45 47 . 29 15 8 38 49 43 0 43 39 15 . 16 47 16 30 16 43 7 28 35 19 . 21 20 47 42 24 8 21 29 33 38 . 46 49 12 10 44 43 13 16 16 0 . 16 0 38 10 16 20 23 49 44 28 . 18 17 25 22 0 47 18 26 43 6 . 46 23 1 26 12 23 31 29 27 16 . 2 47 29 11 7 37 27 46 10 9
+1, 45 17 43 16 10 38 48 15 11 1 . 24 14 28 40 17 0 6 26 16 25 . 0 11 17 5 12 19 25 34 31 47 . 39 47 41 6 35 32 20 5 48 49 . 47 1 40 43 25 33 26 36 6 20 . 16 47 16 30 16 43 7 28 35 19 . 34 33 18 13 33 1 46 41 38 46 . 17 30 32 35 38 17 28 32 1 6 . 8 0 30 44 4 32 5 15 13 21 . 29 32 2 27 27 22 13 47 5 22
+1, 1 16 10 9 5 26 40 3 43 26 . 19 48 27 8 14 1 10 11 14 43 . 47 4 35 32 25 21 43 5 47 32 . 28 25 37 28 47 28 34 39 34 30 . 47 39 18 34 19 26 49 14 9 38 . 30 38 33 11 25 11 39 14 46 31 . 14 31 35 30 33 34 1 18 41 45 . 16 47 16 30 16 43 7 28 35 19 . 41 29 48 38 18 6 27 19 45 10 . 27 49 10 41 49 44 12 15 18 49
+1, 17 42 16 20 36 10 10 47 21 36 . 36 14 29 21 8 45 11 20 16 9 . 40 34 10 31 31 4 3 13 3 11 . 16 47 16 30 16 43 7 28 35 19 . 47 2 42 47 16 8 20 11 3 31 . 35 10 20 8 15 28 41 37 26 17 . 9 18 3 34 20 25 33 35 25 1 . 10 2 12 24 35 23 49 37 7 7 . 37 36 27 49 24 46 29 37 17 12 . 9 6 30 48 22 29 12 12 16 33
+1, 7 31 22 32 39 32 17 8 6 38 . 16 47 16 30 16 43 7 28 35 19 . 0 43 32 37 13 39 48 1 46 22 . 23 39 31 9 29 16 21 33 34 49 . 37 40 48 40 6 9 29 42 28 40 . 22 37 27 16 34 44 47 43 16 14 . 44 10 1 17 24 3 9 17 12 28 . 25 18 33 26 7 30 7 18 36 35 . 13 34 38 40 19 36 8 35 14 22 . 11 9 25 20 43 22 29 23 15 27
+1, 0 45 4 34 46 11 5 45 34 16 . 44 9 35 27 23 40 32 41 6 6 . 42 41 40 38 11 23 9 48 22 29 . 17 9 24 18 27 41 28 25 48 29 . 28 34 34 38 28 37 33 18 42 43 . 16 47 16 30 16 43 7 28 35 19 . 25 17 1 22 40 3 0 30 40 28 . 7 3 39 41 9 19 43 44 34 37 . 10 12 30 38 24 43 46 2 26 0 . 27 9 31 25 19 35 0 31 5 40
+1, 5 5 25 2 20 36 4 25 22 12 . 36 8 16 13 41 23 5 1 11 3 . 49 21 40 11 10 0 2 45 2 30 . 31 48 31 27 42 25 40 18 17 18 . 8 28 28 32 17 12 32 16 7 26 . 21 48 31 45 31 42 8 36 8 49 . 35 15 44 38 28 6 25 23 16 31 . 16 47 16 30 16 43 7 28 35 19 . 16 11 26 24 46 16 0 4 43 30 . 28 47 33 37 23 18 46 21 25 12
+1, 31 14 7 3 39 36 7 18 40 27 . 42 19 13 0 6 9 33 30 31 45 . 47 24 1 14 40 48 13 30 29 34 . 16 47 16 30 16 43 7 28 35 19 . 43 18 41 49 17 33 24 48 47 17 . 25 17 14 34 37 8 27 42 5 34 . 18 12 9 21 3 32 27 34 29 18 . 12 39 40 11 0 27 1 8 22 19 . 49 13 34 10 8 41 41 15 13 48 . 8 0 26 9 48 45 38 44 30 7
+1, 30 37 21 49 1 49 5 44 10 39 . 25 10 44 26 5 23 21 45 19 49 . 26 44 15 8 48 29 40 36 33 44 . 16 47 16 30 16 43 7 28 35 19 . 28 28 37 26 11 30 39 3 22 38 . 11 0 7 41 16 18 3 2 6 4 . 15 15 17 1 31 4 15 42 3 42 . 45 2 34 6 11 16 12 30 11 8 . 48 7 21 40 30 22 35 25 16 48 . 5 6 7 25 37 31 15 14 48 39
+1, 21 38 13 37 16 9 31 25 13 19 . 46 41 35 24 23 6 9 36 33 32 . 33 40 30 36 10 33 12 22 27 6 . 44 19 20 31 44 39 24 30 47 16 . 16 47 16 30 16 43 7 28 35 19 . 22 34 17 21 7 19 43 49 19 17 . 17 17 26 45 4 37 5 47 27 1 . 6 2 41 40 41 7 38 29 34 22 . 49 15 42 1 44 7 42 34 47 37 . 26 21 48 36 26 14 17 5 47 44
-1, 12 25 17 36 16 3 33 28 13 48 . 23 38 28 9 23 40 41 36 35 29 . 37 35 45 21 42 11 24 0 29 41 . 0 44 27 2 43 30 25 37 48 32 . 14 31 21 19 21 2 1 13 47 1 . 1 33 35 20 34 16 40 41 44 30 . 37 8 13 32 42 27 9 3 35 10 . 22 38 42 21 35 7 36 22 37 8 . 35 42 39 24 41 22 21 22 23 22 . 18 29 29 29 31 24 38 30 22 39
-1, 7 20 1 26 10 16 2 25 35 43 . 24 6 15 16 20 47 38 8 44 21 . 30 46 44 43 36 2 45 22 10 13 . 1 6 26 45 49 34 17 35 23 25 . 15 48 0 35 7 38 18 14 14 12 . 2 25 27 30 24 28 49 3 47 28 . 18 11 27 11 8 34 17 39 6 1 . 21 14 41 2 34 0 29 15 25 45 . 17 42 27 8 20 13 5 44 34 27 . 43 47 2 37 47 34 0 20 27 10
-1, 47 6 5 36 36 28 34 16 6 43 . 38 27 4 45 9 1 47 39 2 35 . 34 23 30 21 43 49 49 12 6 23 . 16 47 48 23 3 36 5 28 33 22 . 8 47 14 14 33 10 32 44 3 48 . 2 42 23 4 14 17 7 3 38 44 . 25 49 6 11 1 15 34 11 31 37 . 13 30 32 2 14 15 14 44 11 1 . 36 35 38 4 46 19 44 31 30 26 . 31 49 35 25 39 33 19 10 49 37
-1, 13 43 29 33 29 6 44 34 41 22 . 20 20 32 11 21 30 6 38 49 41 . 24 15 30 32 22 11 24 34 15 34 . 23 47 40 14 23 11 48 40 22 43 . 23 38 41 32 26 36 17 33 24 46 . 46 1 2 22 16 31 7 2 18 47 . 43 1 25 46 30 13 29 8 47 46 . 3 44 37 37 43 42 41 12 5 11 . 46 18 35 47 42 30 32 31 28 31 . 45 43 45 46 24 10 29 41 45 44
-1, 21 35 18 30 6 18 46 44 11 38 . 42 16 39 8 7 48 16 0 4 36 . 35 41 40 30 49 15 4 34 41 4 . 28 43 32 29 23 26 15 19 30 30 . 33 17 49 26 18 40 4 16 48 23 . 36 22 32 12 33 22 49 6 46 48 . 26 10 40 11 3 25 3 40 48 13 . 0 46 20 37 30 48 35 32 21 12 . 31 2 24 21 35 15 30 4 2 8 . 27 6 38 2 8 40 16 31 45 42
-1, 48 5 33 36 22 14 46 37 2 12 . 29 4 39 41 32 18 35 18 12 45 . 19 43 11 43 39 36 40 6 16 1 . 2 14 28 24 26 29 28 49 15 11 . 39 4 38 29 44 13 4 9 20 17 . 32 17 0 30 7 47 23 49 11 44 . 0 37 49 26 12 10 43 37 30 44 . 29 7 48 7 22 41 29 32 4 10 . 30 47 44 10 24 24 16 42 26 14 . 23 4 23 1 19 35 16 26 40 25
-1, 11 7 30 10 44 33 3 21 8 24 . 15 0 1 48 1 35 37 13 2 29 . 14 23 15 10 28 1 39 8 5 11 . 6 23 17 24 24 45 10 28 45 44 . 14 29 36 29 36 7 4 25 33 23 . 10 49 37 24 36 15 4 39 22 28 . 5 3 43 31 23 31 37 45 31 33 . 48 46 45 4 41 34 38 40 8 42 . 16 23 49 2 17 10 7 4 13 33 . 44 0 1 32 38 0 2 14 30 28
-1, 3 42 49 32 45 48 2 7 28 5 . 13 28 1 49 24 18 34 45 6 15 . 13 13 46 24 44 10 45 46 3 41 . 46 27 25 2 11 30 34 40 31 16 . 29 3 39 33 39 6 37 7 3 4 . 15 47 38 5 35 14 43 20 11 3 . 13 38 34 17 11 6 17 37 32 15 . 6 29 26 39 36 39 43 25 17 24 . 29 47 32 45 47 13 42 2 10 31 . 27 0 5 30 21 30 25 42 16 0
-1, 12 37 11 37 47 3 35 23 45 36 . 10 26 43 22 6 45 42 0 31 5 . 35 42 6 37 5 21 10 26 24 24 . 4 6 12 42 47 29 46 40 29 10 . 14 21 13 18 1 21 29 4 0 48 . 31 47 2 32 26 8 4 49 32 2 . 20 39 8 45 47 15 49 19 17 37 . 46 39 13 9 6 3 16 15 23 18 . 22 44 32 13 3 8 49 42 45 27 . 10 2 28 46 18 2 8 31 37 43
-1, 29 41 31 41 23 45 12 20 26 42 . 15 10 31 40 17 29 29 20 13 46 . 30 24 45 24 39 0 23 40 18 16 . 46 30 23 34 25 40 13 48 38 9 . 46 3 47 28 30 28 22 29 17 20 . 0 48 39 23 25 2 29 4 45 12 . 18 27 32 28 4 37 29 48 44 38 . 22 8 33 8 23 37 8 19 40 29 . 35 16 38 48 49 24 46 11 7 32 . 6 20 41 2 10 14 46 46 27 36
-1, 10 16 49 4 5 2 46 28 46 35 . 30 9 22 0 6 31 29 28 9 4 . 0 23 39 6 44 29 20 8 42 13 . 27 37 27 22 37 19 16 47 3 23 . 43 23 31 46 23 29 27 45 17 18 . 14 6 35 9 38 26 36 3 18 24 . 14 7 11 31 23 9 10 2 27 42 . 24 46 15 18 4 13 32 46 18 1 . 34 25 29 44 31 0 4 30 7 14 . 15 25 49 8 2 6 18 38 35 26
-1, 3 3 8 30 33 15 28 3 15 3 . 29 23 3 11 44 15 42 48 20 17 . 4 4 32 29 39 24 34 18 3 6 . 8 31 47 45 40 14 2 16 20 25 . 13 45 8 44 32 8 31 23 9 0 . 46 38 11 1 28 37 11 21 23 29 . 22 21 17 14 22 1 28 38 36 6 . 48 31 25 45 24 29 1 18 40 37 . 40 49 9 3 16 21 6 46 9 8 . 14 30 36 33 38 3 5 1 40 41
-1, 38 27 25 46 37 27 17 16 20 7 . 24 48 18 8 4 12 49 39 45 44 . 11 26 33 28 13 4 37 17 1 18 . 13 46 48 25 42 14 2 5 4 1 . 27 28 40 19 14 16 24 20 38 4 . 23 14 10 6 19 0 6 28 37 3 . 10 37 8 22 47 35 20 38 42 26 . 19 21 20 47 44 34 17 0 49 21 . 41 8 33 40 30 20 45 21 7 45 . 17 34 46 49 36 34 35 25 2 22
-1, 33 41 10 45 45 13 19 11 19 33 . 3 10 22 0 36 3 24 26 39 1 . 38 26 3 11 20 21 43 31 19 25 . 45 30 22 43 29 45 33 3 35 37 . 23 8 42 48 36 43 26 7 0 14 . 20 30 41 18 12 4 13 43 21 40 . 30 29 6 33 24 43 10 30 1 30 . 34 14 23 41 45 21 17 34 20 24 . 0 21 14 12 25 29 1 48 40 35 . 4 25 35 21 36 29 46 48 19 8
-1, 28 20 7 34 47 24 16 41 22 48 . 32 43 25 19 28 41 47 3 3 26 . 35 33 31 31 36 23 42 48 20 2 . 18 0 42 8 26 4 4 44 5 21 . 24 47 42 8 25 32 8 41 34 22 . 32 16 12 35 8 21 20 46 21 31 . 30 9 18 43 37 12 19 36 31 40 . 3 2 46 4 49 15 38 6 21 39 . 19 38 14 35 42 1 31 14 27 19 . 40 0 40 11 32 2 5 44 49 39
-1, 8 43 0 44 7 18 17 9 40 26 . 5 35 42 37 8 43 48 5 14 2 . 35 44 37 48 20 1 9 27 29 34 . 1 21 25 4 37 39 7 30 36 11 . 7 48 9 14 11 5 16 14 16 47 . 3 10 6 9 39 24 31 25 21 18 . 0 28 10 3 13 4 23 31 0 20 . 37 13 17 49 10 20 48 36 4 15 . 44 41 30 48 4 28 18 18 43 14 . 41 16 29 23 32 32 0 41 21 15
-1, 46 33 7 14 28 24 2 40 40 10 . 10 7 24 3 28 42 36 14 48 30 . 34 24 43 6 36 10 8 34 42 49 . 35 37 30 6 24 5 20 15 3 47 . 26 6 1 12 43 4 11 46 6 47 . 30 33 33 44 6 31 9 32 8 42 . 7 8 12 23 6 5 37 0 36 12 . 26 24 38 36 8 32 49 15 46 20 . 35 41 3 35 26 1 42 7 11 15 . 35 37 11 2 17 19 26 11 23 47
-1, 14 34 31 35 22 6 43 33 29 40 . 39 36 0 42 1 8 42 7 46 28 . 21 41 14 17 31 28 4 47 49 43 . 16 24 1 23 9 12 24 39 42 45 . 40 45 41 35 44 41 4 7 7 34 . 8 0 15 41 7 10 44 18 20 1 . 7 29 47 9 2 19 9 4 20 14 . 44 7 4 22 37 45 5 38 37 8 . 3 4 10 26 1 5 13 25 27 39 . 30 3 30 23 7 12 48 6 38 0
-1, 38 14 46 27 19 17 43 41 6 26 . 33 39 26 41 38 16 15 3 31 40 . 35 4 39 1 48 4 49 42 37 45 . 23 4 42 13 32 42 12 5 24 29 . 16 25 12 30 17 6 17 21 27 40 . 48 21 20 45 48 24 35 0 31 0 . 22 21 34 17 15 2 24 13 39 9 . 48 18 3 24 9 44 14 27 31 32 . 7 47 14 11 1 20 5 29 6 2 . 27 41 49 43 44 39 0 28 25 19
-1, 45 22 12 45 3 21 8 1 19 18 . 41 6 15 27 42 0 48 17 33 19 . 24 8 14 39 27 23 31 32 35 13 . 23 14 3 23 27 1 13 10 10 12 . 33 28 30 18 11 49 3 4 9 41 . 28 36 43 32 20 1 40 48 15 24 . 36 22 47 20 5 40 0 37 35 0 . 25 7 47 10 26 30 29 15 2 16 . 2 1 16 30 0 42 4 19 7 6 . 39 13 7 6 28 38 43 35 8 27
-1, 4 28 20 22 45 29 43 13 2 0 . 31 27 30 11 14 43 31 24 18 31 . 39 17 18 45 33 33 22 9 41 44 . 47 41 38 9 15 23 38 2 26 4 . 5 31 27 26 38 17 6 21 9 9 . 33 31 28 15 28 18 15 15 3 28 . 4 9 10 37 12 13 42 22 45 33 . 44 3 27 6 11 34 30 28 19 38 . 41 29 33 5 9 8 13 17 26 16 . 49 40 41 4 45 26 23 28 24 36
-1, 8 2 46 29 47 4 8 10 9 25 . 46 30 30 20 6 14 6 47 47 9 . 4 41 11 5 45 3 41 42 28 1 . 13 39 4 0 30 36 13 25 25 1 . 30 13 31 40 20 44 20 36 21 31 . 31 29 17 42 20 48 22 22 17 16 . 13 4 5 14 47 42 18 17 20 10 . 44 35 17 9 25 44 23 41 43 48 . 42 24 22 1 14 5 21 6 16 32 . 34 38 49 44 41 35 35 2 15 9
-1, 18 10 29 2 47 37 32 15 12 0 . 25 6 6 36 40 31 12 34 16 42 . 24 46 35 16 16 33 31 45 19 29 . 19 1 25 36 49 49 24 12 41 16 . 46 5 20 13 0 8 48 27 25 7 . 43 8 24 2 20 26 37 22 48 11 . 20 27 1 23 6 31 20 17 1 23 . 14 24 20 24 4 23 32 13 5 18 . 21 18 21 23 6 34 49 23 19 29 . 43 21 10 5 42 37 27 11 40 35
-1, 28 14 44 2 3 3 37 32 35 38 . 2 39 32 40 23 1 20 31 18 9 . 40 34 26 22 46 24 34 30 17 27 . 12 38 0 24 26 42 38 48 1 31 . 25 22 40 36 3 41 36 28 30 29 . 17 14 30 2 9 0 48 43 33 35 . 41 9 14 40 10 30 7 36 41 29 . 31 23 16 41 24 32 26 44 20 48 . 1 21 27 42 32 18 29 22 49 11 . 34 28 14 36 36 23 13 6 22 41
-1, 28 13 12 30 37 32 8 34 41 11 . 2 26 47 19 40 40 49 15 32 29 . 12 3 39 37 30 29 32 3 47 40 . 34 29 49 1 22 24 5 2 29 9 . 5 14 39 34 35 0 5 5 33 23 . 44 16 6 34 46 42 32 6 19 31 . 44 48 29 37 49 5 47 43 48 18 . 16 27 27 40 49 12 23 16 40 28 . 8 36 36 46 44 27 24 28 11 17 . 2 43 32 32 1 45 29 9 1 32
-1, 19 26 12 29 45 16 33 47 42 17 . 13 48 26 16 20 28 43 26 18 4 . 17 20 29 28 8 6 25 13 3 9 . 34 29 17 10 44 40 0 27 45 42 . 32 15 0 3 33 13 45 39 10 37 . 22 19 3 45 14 33 47 28 9 34 . 48 35 12 11 46 46 11 19 35 39 . 3 41 46 30 36 40 8 20 30 47 . 42 12 39 27 9 34 26 20 36 37 . 47 13 7 6 3 1 23 44 6 3
-1, 3 41 0 19 22 49 30 25 38 19 . 25 16 15 5 31 27 47 13 43 32 . 17 3 40 21 11 42 2 48 29 44 . 30 47 29 5 13 8 38 35 47 45 . 49 10 17 17 4 36 35 26 39 24 . 35 46 25 48 3 42 1 14 30 44 . 8 31 43 27 43 17 36 38 49 31 . 23 40 46 28 4 44 16 40 23 47 . 31 40 43 9 22 7 9 40 49 46 . 20 27 42 36 14 4 48 35 29 22
-1, 36 9 47 21 19 31 14 17 26 46 . 24 8 36 9 7 43 46 22 43 16 . 30 48 22 44 17 7 44 38 26 45 . 7 41 48 0 22 40 26 33 49 41 . 30 21 17 3 31 36 34 13 9 33 . 42 28 36 36 40 49 27 48 41 34 . 6 16 43 3 25 44 13 11 32 4 . 44 46 8 0 21 23 43 46 6 28 . 24 22 31 40 18 49 31 27 49 46 . 28 6 40 45 37 39 48 22 8 9
-1, 19 40 8 20 14 34 32 13 16 18 . 47 23 45 13 12 16 38 21 26 42 . 45 29 21 18 44 2 28 4 36 36 . 16 2 0 35 1 36 19 30 25 43 . 49 37 21 11 47 6 44 47 38 33 . 3 19 46 43 2 38 5 26 48 43 . 16 37 16 47 42 23 4 18 20 6 . 14 4 36 44 43 35 47 27 13 7 . 33 12 24 26 45 10 22 31 48 32 . 32 32 19 17 34 17 37 9 48 44
-1, 22 4 23 25 40 40 20 41 43 22 . 5 33 2 49 13 1 41 14 34 35 . 13 43 6 42 37 37 5 12 0 4 . 0 36 27 15 32 12 21 42 15 38 . 13 42 44 7 1 45 3 22 46 49 . 47 6 21 10 26 14 33 33 41 20 . 27 39 29 21 16 20 38 36 22 11 . 34 28 16 36 3 20 41 18 45 6 . 13 47 38 23 36 6 12 33 20 1 . 26 18 40 2 12 1 33 16 26 33
-1, 14 16 33 7 3 30 37 42 3 2 . 1 30 3 0 32 38 32 10 43 46 . 22 19 35 29 5 1 45 34 46 32 . 47 36 10 21 23 12 28 30 46 40 . 15 6 15 22 41 29 42 39 13 5 . 9 9 48 36 23 20 23 22 43 10 . 11 4 36 6 37 30 9 1 22 10 . 30 45 32 38 35 36 37 34 48 46 . 28 43 45 14 6 19 17 4 26 45 . 0 13 5 26 29 19 2 25 48 32
-1, 49 45 0 5 48 14 36 27 35 31 . 3 43 33 35 31 23 30 32 31 46 . 7 23 9 27 34 24 16 7 39 11 . 7 5 12 7 49 28 49 17 4 15 . 14 6 18 26 46 45 33 38 12 25 . 45 0 4 29 26 16 45 7 4 47 . 39 0 7 35 28 10 43 2 12 26 . 8 37 49 46 1 9 0 20 26 37 . 48 37 1 9 37 35 32 2 16 43 . 24 11 35 40 17 17 49 39 45 29
-1, 29 26 40 0 41 5 3 26 48 25 . 10 46 1 26 8 27 11 6 37 24 . 48 35 45 22 41 38 18 8 33 10 . 39 11 24 31 25 2 4 44 18 20 . 26 41 47 17 16 2 32 38 24 25 . 9 35 38 29 27 11 28 42 49 25 . 9 7 3 1 0 7 23 16 37 17 . 22 2 26 17 28 18 12 30 2 42 . 28 28 41 7 22 12 47 45 33 49 . 22 47 9 44 13 20 8 39 47 41
-1, 7 8 28 46 5 45 4 15 5 23 . 49 5 14 39 13 1 15 27 0 41 . 27 48 18 22 42 45 41 0 46 4 . 38 14 2 26 32 18 24 4 29 21 . 6 35 14 35 6 5 39 30 14 12 . 40 6 22 41 45 41 23 30 31 12 . 8 13 46 43 26 6 32 28 42 9 . 15 39 25 7 0 7 15 11 22 8 . 9 10 43 43 10 39 18 8 32 47 . 7 24 0 14 39 41 36 28 39 16
-1, 32 21 17 9 35 39 0 31 4 15 . 29 31 14 28 27 45 33 26 12 47 . 22 4 0 47 34 6 44 20 15 23 . 28 42 42 32 7 39 17 46 35 30 . 1 40 48 34 17 14 32 11 3 48 . 30 40 17 7 37 48 27 43 15 40 . 48 38 8 2 33 44 25 6 33 36 . 42 33 47 23 38 42 46 37 46 47 . 4 31 48 26 37 0 1 19 47 7 . 8 17 42 42 20 24 32 49 33 23
-1, 46 5 10 16 37 5 7 39 5 20 . 44 23 30 20 37 15 18 33 40 18 . 44 2 22 26 27 37 5 3 48 41 . 8 12 1 21 10 21 5 16 9 44 . 13 22 10 4 1 42 17 47 35 19 . 36 11 3 12 21 28 18 39 9 42 . 33 10 10 38 26 37 12 32 38 19 . 11 28 26 34 42 41 21 1 11 44 . 18 30 42 41 49 39 35 15 43 29 . 14 35 24 38 8 39 14 8 23 44
-1, 19 44 29 40 0 48 13 1 43 45 . 3 14 26 31 28 6 39 22 18 17 . 15 45 12 25 23 27 46 8 2 44 . 14 8 33 4 17 46 35 8 25 12 . 45 18 33 4 38 1 26 12 30 0 . 5 5 21 20 38 45 39 9 16 7 . 11 31 11 32 21 49 36 33 39 26 . 23 44 42 30 41 41 47 47 13 11 . 8 32 32 7 18 39 25 5 40 49 . 4 18 16 23 32 5 18 14 43 20
-1, 17 40 13 40 41 48 43 3 22 14 . 45 41 1 44 28 41 37 31 10 28 . 31 6 12 15 16 33 10 14 3 41 . 8 29 39 11 8 35 9 5 39 3 . 48 24 32 16 29 28 13 29 42 29 . 11 19 47 34 1 26 7 3 6 36 . 13 3 45 22 33 21 32 32 39 45 . 44 7 24 33 44 22 49 12 36 47 . 47 16 34 39 31 7 9 32 18 37 . 33 3 3 10 14 1 4 41 5 8
-1, 49 27 24 23 10 7 7 30 3 42 . 20 42 33 19 15 42 31 22 25 33 . 44 0 12 45 41 41 9 47 43 21 . 48 44 15 34 6 47 44 41 49 20 . 25 39 38 20 44 0 13 20 45 21 . 33 7 23 47 7 30 41 42 21 28 . 3 25 48 22 17 32 20 48 43 7 . 31 12 40 34 38 2 25 48 17 18 . 7 23 38 31 20 10 35 46 25 31 . 37 24 35 9 20 30 35 2 41 14
-1, 10 31 12 15 12 47 6 12 32 15 . 42 2 12 12 23 10 44 0 48 17 . 2 27 11 31 13 48 16 48 38 16 . 27 43 32 15 46 40 32 27 42 12 . 6 8 39 28 14 3 18 30 28 5 . 46 47 45 47 1 9 20 18 3 13 . 27 10 8 25 11 20 10 25 45 26 . 6 0 6 36 25 47 19 20 25 21 . 21 37 8 37 41 8 0 36 38 42 . 27 7 9 32 25 34 13 48 9 5
-1, 43 29 2 0 13 9 22 27 3 0 . 24 28 18 21 2 1 43 45 43 13 . 12 1 46 40 6 19 25 28 3 43 . 47 4 42 13 12 22 11 29 37 39 . 9 46 6 33 22 29 20 23 21 43 . 43 47 35 40 1 49 43 46 17 21 . 11 34 0 4 40 40 39 31 26 37 . 34 34 4 39 21 17 42 5 29 44 . 11 19 4 28 18 24 4 38 21 27 . 47 8 32 38 41 11 26 37 27 20
-1, 1 5 17 41 12 33 45 13 0 40 . 21 5 41 23 24 29 10 9 25 35 . 25 37 38 24 23 12 28 47 14 7 . 3 41 43 49 15 22 34 43 41 39 . 2 16 47 13 32 37 3 16 26 7 . 45 49 35 35 24 17 19 16 17 31 . 26 44 49 31 49 44 37 46 12 26 . 5 39 1 14 10 44 45 42 19 6 . 18 47 9 43 25 43 41 21 14 11 . 21 5 2 20 2 24 28 21 11 38
-1, 45 40 14 30 16 3 4 40 12 26 . 7 40 48 0 36 14 25 17 32 43 . 41 19 0 0 43 23 32 34 42 34 . 30 29 0 9 40 0 17 28 12 31 . 42 27 24 2 47 7 7 0 38 19 . 18 37 42 2 47 25 0 37 27 19 . 31 26 29 40 0 3 21 40 4 45 . 26 6 12 25 24 36 22 37 0 10 . 44 24 27 47 38 6 22 1 9 7 . 14 5 19 32 8 33 37 20 34 35
-1, 16 35 13 18 17 15 45 24 7 15 . 2 39 1 49 1 9 5 10 18 25 . 22 7 37 35 21 7 18 21 8 41 . 31 9 27 11 40 23 42 10 4 30 . 46 40 1 31 45 17 41 41 45 26 . 17 46 48 39 1 31 30 4 0 9 . 40 29 5 33 30 2 26 9 0 32 . 41 23 41 21 13 24 46 14 28 36 . 38 21 48 43 48 28 18 26 3 38 . 44 30 38 23 21 20 2 22 48 39
-1, 48 46 2 7 27 27 26 45 33 45 . 16 1 46 34 24 19 34 37 18 43 . 33 23 46 49 37 42 32 40 41 38 . 34 30 20 30 44 2 2 41 40 11 . 4 25 13 40 12 27 35 20 15 1 . 34 43 7 41 2 21 33 14 37 9 . 8 45 24 33 16 11 1 20 23 22 . 46 48 29 41 38 27 6 47 5 9 . 7 39 34 2 14 36 21 28 29 16 . 16 41 0 39 12 18 49 35 41 13
-1, 42 34 2 33 18 24 7 25 24 30 . 11 38 21 7 4 2 1 30 19 11 . 25 21 5 5 37 18 29 19 10 39 . 1 41 47 22 29 44 29 3 17 29 . 36 24 9 39 2 17 31 4 47 27 . 34 44 35 35 22 1 17 34 47 3 . 7 8 19 33 9 47 9 41 25 15 . 47 30 17 45 6 34 26 48 41 46 . 6 16 36 39 36 24 0 33 40 12 . 48 16 3 6 5 46 7 31 27 13
-1, 8 42 20 17 6 1 45 43 34 27 . 42 10 34 6 18 40 1 46 8 1 . 35 13 38 49 7 2 44 14 33 26 . 10 3 11 9 33 28 2 36 12 37 . 7 45 31 9 11 47 46 17 14 1 . 28 21 45 1 26 23 9 18 38 38 . 47 3 22 26 32 12 8 45 46 18 . 4 22 9 29 8 2 9 33 15 43 . 8 46 44 42 9 44 38 0 33 35 . 0 12 15 4 12 48 32 9 32 31
-1, 13 20 45 32 38 4 47 29 9 20 . 13 43 47 35 13 10 41 7 27 14 . 7 41 1 19 34 29 5 41 27 27 . 23 31 30 47 7 38 29 2 3 45 . 36 0 33 17 11 38 12 15 44 23 . 0 47 23 28 4 17 40 9 45 11 . 6 8 47 21 28 34 47 38 8 29 . 3 30 5 26 21 14 22 34 41 0 . 23 39 0 26 37 12 49 20 18 48 . 10 17 43 35 7 17 1 26 33 1
-1, 21 32 9 28 10 15 32 18 42 32 . 13 26 32 20 43 38 6 13 7 8 . 20 48 2 23 4 9 2 19 17 5 . 25 48 1 3 40 21 42 34 22 19 . 25 10 32 34 46 24 4 23 17 14 . 19 17 2 43 24 14 38 32 15 30 . 38 12 6 18 21 11 39 34 21 34 . 35 26 15 32 48 36 18 41 4 24 . 32 46 46 45 44 15 4 16 21 14 . 45 7 48 8 19 23 7 40 18 22
-1, 45 49 26 18 0 13 38 20 17 42 . 14 28 17 11 7 0 23 0 27 41 . 15 47 6 26 6 6 29 38 36 0 . 45 35 39 23 49 34 47 31 10 32 . 39 3 32 9 12 17 22 16 10 21 . 9 15 1 33 36 18 36 3 30 27 . 43 34 39 37 37 21 44 46 27 47 . 29 6 33 13 4 43 18 20 7 4 . 25 16 8 39 35 35 2 34 14 48 . 16 25 20 15 5 1 17 0 32 1
-1, 17 26 37 23 13 3 25 19 47 12 . 1 33 2 39 28 48 15 0 35 23 . 35 25 4 14 49 44 27 23 5 6 . 21 8 10 1 39 28 5 4 20 39 . 19 3 11 0 33 13 44 6 21 40 . 5 8 14 32 28 37 2 35 0 48 . 33 42 13 17 43 8 42 30 34 14 . 35 9 21 24 38 34 8 42 16 40 . 46 43 10 43 46 48 19 41 15 26 . 3 35 15 4 35 16 35 20 46 2
-1, 29 27 6 1 24 49 4 49 17 2 . 38 46 27 32 2 23 12 34 18 37 . 37 2 27 38 4 5 21 9 1 30 . 47 25 26 21 15 49 25 6 27 47 . 27 23 28 18 42 5 18 0 15 11 . 28 37 31 40 26 29 37 29 20 15 . 16 6 33 8 28 35 27 12 33 7 . 17 16 41 17 20 47 32 18 43 44 . 6 49 31 12 21 24 35 33 25 44 . 7 5 19 40 10 48 33 8 30 12
-1, 19 11 20 2 4 41 42 26 16 39 . 20 33 25 35 14 16 13 29 14 12 . 16 28 24 35 13 16 10 24 23 1 . 12 0 37 46 43 11 27 33 35 5 . 5 37 45 42 4 48 3 39 43 33 . 10 38 18 7 39 37 42 42 42 32 . 3 3 0 3 39 22 42 6 12 19 . 17 41 47 22 40 32 26 35 10 32 . 19 25 49 29 11 43 49 8 32 3 . 14 34 11 2 14 16 8 5 1 46
-1, 42 29 4 27 22 41 6 23 8 49 . 26 20 25 4 5 11 4 4 47 8 . 47 35 28 18 16 24 34 2 1 43 . 4 4 14 26 41 13 33 37 5 4 . 26 0 17 46 33 41 12 34 26 45 . 13 28 27 19 44 22 33 3 17 43 . 23 21 40 19 0 25 34 33 25 49 . 27 41 30 4 19 45 40 12 35 30 . 26 27 40 25 13 39 38 24 49 7 . 12 36 44 45 20 36 15 47 16 3
-1, 39 42 41 36 38 16 28 41 12 25 . 33 0 30 8 43 47 40 4 32 38 . 24 43 22 36 41 48 45 36 26 7 . 43 12 40 47 2 7 35 19 30 43 . 14 21 9 27 2 40 32 30 32 25 . 12 21 24 34 46 25 41 25 6 13 . 43 19 9 38 9 33 32 34 28 27 . 37 43 10 19 20 27 41 10 3 17 . 30 23 39 28 37 2 28 14 13 47 . 49 49 21 7 30 19 13 26 18 46
-1, 43 14 32 27 19 2 19 20 29 11 . 3 11 8 41 27 5 10 30 9 14 . 44 27 29 21 18 25 28 14 24 8 . 32 6 31 41 16 41 46 44 39 1 . 0 45 40 42 34 14 15 19 26 15 . 19 26 40 23 24 13 2 9 20 26 . 11 23 31 4 48 13 14 1 31 37 . 28 9 11 41 24 37 20 41 16 5 . 14 45 4 1 32 10 48 35 44 14 . 6 36 32 25 4 25 33 41 19 14
-1, 11 29 3 33 16 8 48 46 29 35 . 6 7 21 44 6 27 38 32 16 34 . 29 24 39 7 2 0 22 0 12 24 . 41 34 48 41 33 17 0 13 43 26 . 19 2 7 26 48 2 17 3 4 33 . 8 43 48 43 0 27 22 43 49 25 . 2 31 5 10 28 17 4 49 41 8 . 2 38 34 49 16 8 36 14 27 18 . 21 46 37 16 37 21 48 23 46 21 . 10 22 19 31 37 38 38 36 0 23
-1, 40 6 39 4 2 22 48 29 46 13 . 10 49 21 41 41 38 8 1 6 14 . 6 8 37 40 26 37 35 17 14 38 . 34 3 14 2 29 15 35 17 33 25 . 10 39 6 23 21 46 37 17 2 0 . 22 33 1 21 12 23 22 42 5 32 . 27 27 19 46 40 20 8 38 37 37 . 24 27 30 5 28 35 19 24 15 36 . 45 40 11 15 13 22 37 31 8 13 . 29 41 17 22 38 11 18 12 35 34
-1, 15 40 40 4 2 10 20 17 6 6 . 41 8 47 35 5 43 43 9 49 2 . 0 8 16 0 20 27 44 28 30 13 . 42 21 34 4 46 19 34 47 1 40 . 23 40 23 16 29 17 28 49 32 13 . 49 29 47 38 16 44 25 5 11 9 . 20 8 22 10 6 39 32 13 7 44 . 38 49 37 40 0 39 28 40 19 3 . 47 19 18 34 16 2 5 36 36 13 . 46 2 47 38 36 21 20 6 28 48
-1, 19 4 24 13 8 28 7 19 32 13 . 31 39 45 36 36 2 16 6 3 7 . 49 0 45 3 36 31 32 45 17 2 . 34 41 6 9 3 3 20 0 4 7 . 7 48 9 28 8 31 40 1 13 10 . 10 18 17 4 0 29 13 20 34 7 . 24 17 10 43 32 48 13 28 42 37 . 14 16 23 0 47 29 22 30 6 42 . 40 13 23 8 47 35 15 24 42 26 . 37 49 38 39 40 45 19 4 1 18
-1, 20 18 12 42 29 1 3 49 42 18 . 10 1 3 5 45 34 19 14 27 34 . 13 5 18 0 39 15 17 43 43 39 . 27 24 21 21 1 31 22 33 14 49 . 7 25 46 33 29 22 46 27 16 23 . 27 43 11 11 42 26 0 2 34 25 . 34 9 25 20 33 19 45 38 7 23 . 14 22 23 2 21 16 22 49 44 45 . 19 29 19 20 31 14 7 15 20 28 . 29 28 0 26 27 4 0 45 14 45
-1, 4 34 7 1 27 38 33 3 41 41 . 6 15 38 43 37 15 27 45 22 46 . 12 0 45 1 3 35 6 42 8 31 . 10 37 20 44 46 16 43 49 34 4 . 26 4 38 35 31 11 36 42 48 17 . 16 15 30 4 15 21 0 28 31 31 . 16 15 13 4 32 44 15 28 37 35 . 26 46 6 22 34 30 26 17 40 24 . 27 6 33 7 17 2 34 25 41 13 . 5 9 23 26 4 12 32 44 48 33
-1, 9 19 5 33 14 24 0 29 19 41 . 15 31 17 25 0 37 30 13 37 4 . 5 1 18 11 47 37 14 20 43 37 . 21 23 10 13 27 13 26 26 16 17 . 5 25 32 9 43 41 34 31 49 31 . 45 39 19 28 11 16 24 45 41 37 . 36 33 1 23 25 27 41 45 11 24 . 18 27 34 7 33 10 49 39 11 29 . 42 40 4 30 45 31 36 8 43 15 . 31 20 39 9 49 49 19 36 20 32
-1, 5 1 37 37 2 22 39 20 7 19 . 38 13 45 44 13 38 8 2 18 40 . 7 49 3 34 39 8 1 10 9 20 . 20 3 43 42 39 37 24 28 44 5 . 34 3 25 16 12 27 33 12 8 9 . 12 23 35 18 9 17 6 19 25 49 . 45 6 11 40 29 9 34 7 23 27 . 16 16 7 33 17 18 22 17 18 3 . 3 47 7 47 41 47 46 17 39 47 . 22 9 11 30 47 32 17 10 34 39
-1, 32 46 4 5 31 42 20 7 6 37 . 48 33 15 19 17 9 1 2 20 24 . 14 32 4 14 10 10 36 12 15 39 . 22 33 44 39 20 35 11 37 35 27 . 36 0 39 34 5 40 46 32 28 40 . 12 11 1 16 22 33 38 22 22 7 . 17 33 2 47 9 49 32 39 20 31 . 19 30 49 20 11 48 19 36 34 13 . 26 31 27 0 34 27 28 44 32 40 . 32 18 29 27 11 0 20 46 41 6
-1, 7 6 28 25 49 39 25 11 16 23 . 1 5 40 48 32 22 12 12 1 49 . 11 36 48 8 7 1 12 34 17 2 . 5 29 16 25 47 31 12 44 28 23 . 43 5 48 39 29 22 28 44 4 45 . 5 30 11 22 10 42 10 42 44 24 . 36 24 13 26 25 38 0 12 44 47 . 45 33 29 1 14 46 17 48 20 31 . 28 41 30 15 46 25 16 48 8 3 . 42 44 26 10 37 12 22 43 46 23
-1, 48 41 2 42 34 27 20 19 24 26 . 48 10 34 37 47 32 37 32 4 25 . 2 48 17 6 17 8 21 42 38 33 . 4 40 13 9 23 0 49 18 4 14 . 25 36 46 45 23 20 24 33 49 14 . 27 8 28 37 38 39 24 23 9 35 . 26 14 19 26 8 48 21 4 26 18 . 27 11 6 18 10 5 46 23 22 1 . 6 30 49 39 9 11 34 28 33 21 . 30 33 45 40 3 16 28 19 43 42
-1, 2 35 20 15 48 11 17 19 29 43 . 4 32 14 24 16 48 40 28 45 9 . 43 11 16 14 4 46 15 19 0 43 . 46 46 47 8 11 29 30 29 44 1 . 7 21 23 24 20 45 16 21 38 32 . 43 14 30 3 27 38 26 7 10 30 . 38 33 43 26 15 5 37 35 8 30 . 31 18 4 19 37 33 19 49 46 8 . 47 17 14 23 37 22 41 26 40 41 . 43 46 33 2 32 15 7 24 16 36
-1, 46 16 36 8 7 48 40 17 35 35 . 15 33 42 27 26 4 31 25 31 8 . 40 21 27 12 48 39 42 28 27 32 . 36 37 7 24 5 23 2 29 49 12 . 27 7 29 36 9 48 31 45 35 20 . 7 1 36 42 48 29 40 37 1 29 . 47 29 34 41 8 47 3 31 6 40 . 38 14 21 47 9 28 42 28 6 23 . 29 46 16 2 37 30 49 29 44 25 . 14 29 27 1 16 35 15 13 39 11
-1, 24 16 37 30 43 21 8 34 2 42 . 8 25 4 48 28 37 7 3 22 49 . 43 0 36 43 5 14 17 6 17 8 . 37 4 15 3 8 16 13 2 2 29 . 20 18 26 15 26 39 20 15 46 11 . 11 2 10 43 9 49 38 28 45 12 . 41 38 25 4 28 24 6 44 35 4 . 36 32 32 46 42 10 24 14 6 24 . 12 41 45 19 19 36 39 35 32 43 . 43 31 16 19 37 18 47 3 24 11
-1, 33 0 33 46 28 45 4 3 1 10 . 36 46 8 11 2 26 39 20 7 39 . 3 17 13 16 4 34 49 34 47 18 . 13 25 2 19 29 42 20 19 41 31 . 2 31 34 11 44 18 43 37 37 20 . 48 5 6 1 35 11 36 47 33 13 . 40 40 1 15 8 8 31 0 31 5 . 45 5 49 40 0 35 30 11 49 0 . 35 46 49 16 7 46 43 36 49 31 . 17 29 45 34 33 40 34 25 28 14
-1, 9 38 0 22 29 19 1 38 38 40 . 11 14 5 4 10 41 36 32 24 32 . 31 6 2 17 27 38 14 36 38 14 . 45 28 47 8 12 44 31 40 24 41 . 41 25 37 42 21 4 38 47 11 30 . 35 16 20 17 16 37 35 25 37 49 . 30 4 24 24 8 42 40 7 8 24 . 39 31 13 38 34 34 41 46 48 7 . 5 45 1 35 35 6 28 6 10 11 . 30 25 2 34 3 17 46 20 36 40
-1, 23 12 30 28 27 46 6 41 17 13 . 12 12 19 6 44 8 41 19 7 14 . 21 39 40 33 19 23 16 49 32 31 . 26 49 43 4 47 3 36 22 5 1 . 31 27 42 16 18 38 26 12 13 18 . 8 1 35 27 3 12 28 5 5 1 . 38 4 41 11 26 23 28 32 29 1 . 41 8 1 43 32 3 39 26 11 12 . 42 47 43 24 13 30 8 44 4 25 . 48 49 40 41 17 13 34 1 19 19
-1, 34 3 0 26 39 45 4 32 5 3 . 1 24 6 0 4 44 19 26 10 24 . 40 1 4 37 36 33 30 35 9 33 . 5 39 19 48 46 27 25 0 21 47 . 26 41 38 13 20 46 31 5 16 1 . 18 36 5 48 2 32 45 41 39 12 . 36 6 0 48 5 46 2 14 20 5 . 26 14 3 12 30 12 31 38 18 41 . 45 28 37 42 46 7 33 49 8 47 . 10 35 45 36 18 35 19 30 48 39
-1, 37 38 28 48 20 4 23 45 11 2 . 0 25 1 12 37 22 27 45 22 0 . 18 47 43 40 22 46 6 1 14 44 . 7 4 45 6 0 13 47 44 26 25 . 1 15 19 36 39 10 0 25 47 13 . 30 26 10 35 44 12 37 3 31 38 . 11 12 8 2 9 2 34 39 31 20 . 36 21 0 18 12 1 19 47 36 42 . 17 12 17 3 28 30 28 37 11 37 . 30 40 1 12 21 1 34 44 12 40
-1, 39 21 8 31 44 41 0 2 1 29 . 25 4 41 1 36 41 11 43 16 37 . 10 25 22 48 4 43 38 43 29 7 . 38 5 48 37 16 1 28 5 19 45 . 25 1 13 16 25 8 47 31 28 21 . 27 46 49 28 6 47 42 23 24 34 . 49 7 11 19 20 30 30 32 41 0 . 17 43 24 47 39 9 28 10 28 41 . 28 24 41 13 19 28 27 19 14 22 . 0 38 29 18 18 2 13 28 9 48
-1, 13 19 42 12 30 43 2 10 38 11 . 39 13 17 29 18 1 20 9 16 0 . 25 25 38 29 29 1 9 42 37 29 . 13 7 7 9 26 3 23 1 47 30 . 2 23 21 28 12 26 12 12 14 25 . 46 49 4 25 43 15 14 4 27 38 . 28 10 5 40 15 19 27 7 43 7 . 21 15 7 41 28 36 4 30 17 17 . 10 2 1 27 12 24 29 5 41 13 . 9 41 35 8 14 37 42 17 15 11
-1, 4 3 45 47 11 49 26 32 15 34 . 28 22 23 42 20 30 43 10 7 3 . 30 39 35 49 36 10 16 2 26 43 . 34 13 3 9 49 13 24 24 34 25 . 37 23 27 24 42 19 9 4 10 7 . 13 16 40 44 12 17 22 6 44 48 . 16 14 4 23 32 39 41 44 6 26 . 22 36 41 10 32 22 8 27 20 35 . 14 43 8 48 47 17 15 17 30 45 . 37 34 19 12 4 36 31 6 30 8
-1, 44 15 34 43 40 36 24 42 32 10 . 0 36 33 29 24 32 45 13 48 4 . 21 33 4 29 5 32 46 49 48 18 . 45 36 17 3 16 43 6 13 18 43 . 8 14 36 27 18 20 35 34 15 15 . 44 26 4 49 6 23 14 12 20 35 . 21 0 0 25 13 33 21 16 11 16 . 22 37 10 43 45 46 35 41 28 22 . 47 38 28 41 36 47 24 30 12 23 . 31 27 24 49 42 31 16 5 36 43
-1, 15 18 5 16 5 22 6 44 2 38 . 3 13 28 0 24 17 49 12 35 45 . 30 42 10 49 45 33 41 24 4 44 . 6 0 23 6 11 43 47 14 20 44 . 25 48 33 27 44 30 2 18 8 35 . 35 13 48 49 17 24 17 28 27 38 . 2 15 20 38 31 29 45 11 41 33 . 33 34 12 6 21 11 48 41 38 36 . 35 11 8 28 28 12 22 35 25 26 . 38 45 15 49 30 31 43 12 13 16
-1, 35 45 32 8 27 6 43 13 33 45 . 1 14 48 48 25 35 44 28 30 33 . 38 47 39 21 44 34 19 42 9 30 . 22 22 9 1 4 48 26 39 46 49 . 11 16 4 8 7 13 21 8 3 25 . 40 0 12 1 11 48 14 2 37 29 . 24 2 33 42 28 30 30 8 45 6 . 30 2 9 25 29 31 12 16 36 43 . 12 12 23 48 26 30 45 37 16 5 . 49 19 10 15 16 26 20 24 34 35
-1, 42 11 17 20 4 36 38 4 30 2 . 47 18 26 19 16 12 6 43 48 7 . 16 10 22 5 43 48 23 31 18 46 . 3 44 42 18 14 27 0 43 30 28 . 22 47 42 0 43 37 11 14 35 39 . 31 28 42 17 16 22 46 18 0 15 . 23 2 12 1 23 18 0 27 21 0 . 5 36 32 32 8 26 35 18 1 44 . 34 42 16 11 33 5 10 49 37 2 . 9 48 23 16 6 17 3 20 20 49
-1, 29 33 46 49 1 24 30 13 45 16 . 48 5 22 27 45 47 8 3 13 23 . 21 13 10 18 7 24 36 25 15 27 . 1 17 38 33 44 11 47 10 17 40 . 1 26 15 29 6 26 27 8 5 18 . 37 8 34 19 24 34 45 9 28 41 . 11 9 1 41 10 21 21 8 9 32 . 44 33 11 17 33 9 33 40 44 5 . 2 42 49 9 21 3 26 38 28 2 . 19 15 26 17 32 43 28 49 39 49
-1, 34 34 43 2 20 24 2 36 29 13 . 24 28 49 32 18 30 14 30 19 38 . 25 18 21 18 13 13 24 16 8 4 . 15 19 49 35 27 44 34 35 10 34 . 18 37 6 17 1 34 12 38 46 6 . 15 1 6 37 47 43 30 24 19 9 . 1 27 16 17 8 8 38 36 46 22 . 12 23 43 22 28 25 40 7 45 36 . 23 33 23 15 12 14 16 33 37 29 . 43 32 43 37 49 5 0 26 28 2
-1, 46 10 46 2 19 26 14 4 17 22 . 4 48 49 16 37 32 10 29 16 22 . 14 38 1 42 8 23 33 17 19 2 . 37 22 9 36 38 49 39 39 19 39 . 19 28 46 46 32 13 42 11 14 7 . 6 11 13 9 9 47 42 15 6 44 . 47 3 28 22 28 9 49 18 47 42 . 39 36 5 20 19 28 20 28 41 5 . 17 12 32 2 16 18 34 1 6 4 . 12 0 35 38 37 0 20 6 28 48
-1, 31 16 26 30 17 45 10 45 0 5 . 44 20 26 30 2 49 8 1 7 20 . 32 34 36 27 22 28 46 47 43 12 . 5 37 17 20 1 42 36 12 48 17 . 31 17 27 37 25 36 13 3 16 4 . 20 24 25 30 22 19 25 38 46 4 . 35 7 18 34 47 22 4 11 23 28 . 48 34 47 28 29 5 6 24 37 29 . 16 14 36 15 34 42 27 15 42 11 . 20 39 23 33 6 13 45 4 11 33
-1, 47 1 15 17 22 15 35 47 26 49 . 26 22 12 6 47 2 9 46 21 40 . 39 7 15 10 22 2 23 4 0 48 . 27 17 18 13 5 21 14 11 36 0 . 17 32 32 44 12 7 16 29 17 23 . 5 37 30 10 6 42 24 27 5 45 . 20 49 45 15 43 47 42 47 13 31 . 46 23 12 44 30 30 22 32 45 16 . 10 18 37 32 36 17 21 2 20 12 . 47 45 3 16 2 11 25 20 34 43
-1, 10 4 30 21 42 8 22 19 32 6 . 40 34 24 29 42 34 36 22 2 27 . 28 18 46 45 14 41 42 3 22 2 . 27 29 17 47 32 35 31 0 38 7 . 49 4 35 39 9 23 2 24 14 13 . 14 26 11 31 37 8 40 45 16 36 . 29 9 13 35 14 45 44 32 16 41 . 2 26 35 22 40 6 12 42 32 41 . 25 33 2 12 12 38 12 5 39 8 . 25 18 29 5 3 6 15 21 7 45
-1, 36 2 44 15 15 11 8 9 29 2 . 0 26 14 16 28 13 44 33 3 13 . 41 32 0 15 35 12 19 25 13 35 . 21 40 48 38 2 33 46 24 6 9 . 11 1 28 30 36 36 49 37 32 5 . 11 23 3 39 29 41 8 9 49 16 . 33 4 12 32 22 23 33 46 33 39 . 12 4 11 30 25 33 31 4 40 25 . 10 1 8 2 33 23 21 28 10 20 . 10 3 39 20 23 45 49 10 2 38
-1, 1 21 30 1 28 36 23 30 43 10 . 14 29 28 10 14 5 49 7 49 20 . 48 10 47 1 10 30 48 4 2 5 . 3 35 34 6 42 22 31 30 42 17 . 0 39 42 49 30 28 49 22 28 38 . 49 6 30 27 23 16 26 43 14 7 . 9 49 19 6 34 33 16 41 43 27 . 27 0 19 23 46 26 28 38 49 27 . 26 38 3 34 3 7 38 25 45 46 . 35 3 8 40 35 47 22 35 20 29
-1, 18 0 24 16 3 30 13 18 0 41 . 34 19 4 17 32 38 33 22 37 44 . 21 42 32 12 27 40 4 15 11 44 . 24 2 1 36 32 18 40 22 0 39 . 16 9 29 5 3 8 40 35 24 37 . 29 1 44 16 38 24 43 31 26 5 . 24 20 13 46 37 28 36 47 46 7 . 41 38 44 28 17 14 46 36 11 23 . 17 24 22 23 21 28 20 5 2 35 . 30 20 5 24 27 20 35 3 42 8
-1, 47 31 37 28 11 27 20 8 14 22 . 10 24 8 32 28 42 49 48 13 6 . 20 36 16 33 15 13 11 37 10 7 . 5 5 21 47 36 7 0 9 48 27 . 26 13 41 32 27 14 43 25 31 44 . 12 19 24 33 7 24 2 48 16 37 . 25 27 7 1 0 13 34 28 34 42 . 25 29 30 27 1 11 18 13 17 28 . 43 30 11 25 10 3 19 7 16 16 . 40 29 48 10 15 27 5 4 5 29
-1, 7 20 3 19 36 33 6 25 11 40 . 10 5 45 11 47 34 37 8 35 9 . 15 39 8 27 28 19 41 30 0 36 . 29 26 13 6 22 30 37 15 2 20 . 31 3 4 42 40 36 49 1 17 29 . 47 4 27 21 41 45 29 29 22 47 . 20 33 35 14 2 30 33 16 44 38 . 14 42 10 6 22 11 29 4 43 11 . 40 23 42 32 44 9 8 43 32 6 . 3 24 25 35 10 22 13 7 40 2
-1, 15 23 36 5 32 1 31 11 0 21 . 45 0 44 31 5 10 22 31 1 7 . 18 49 7 32 46 5 40 18 38 30 . 48 22 0 42 25 43 30 45 26 26 . 4 13 29 35 31 6 40 9 2 39 . 2 18 21 23 0 28 10 5 32 28 . 37 42 14 30 41 2 36 26 29 21 . 12 13 16 34 15 36 48 22 46 14 . 35 12 42 13 39 37 40 14 7 32 . 45 29 12 2 40 47 2 26 46 39
-1, 24 40 4 26 14 44 38 21 19 43 . 9 16 26 31 31 35 3 2 31 18 . 3 8 45 23 5 21 46 32 11 49 . 1 12 8 44 23 39 26 27 3 7 . 31 18 9 40 43 7 21 0 4 6 . 14 23 19 1 27 45 20 1 30 8 . 22 42 13 12 0 46 4 30 28 40 . 45 27 37 41 30 18 48 9 14 12 . 30 38 42 31 47 35 3 2 0 31 . 8 3 29 23 43 19 13 48 49 45
-1, 41 44 9 45 45 11 34 16 30 14 . 35 38 34 40 26 31 27 17 23 8 . 36 48 10 42 45 45 41 21 3 35 . 48 3 11 6 26 35 27 10 13 40 . 37 41 33 8 18 41 43 4 44 22 . 39 3 10 18 13 13 39 40 9 34 . 47 12 15 39 21 10 35 39 9 44 . 14 40 36 38 44 32 0 18 22 32 . 15 16 36 5 9 10 48 21 30 18 . 23 36 33 17 25 9 1 24 40 34
-1, 13 24 46 23 0 17 9 18 9 27 . 15 11 42 49 9 6 46 13 49 5 . 46 37 16 48 12 22 10 6 23 42 . 26 36 20 35 17 11 17 40 44 20 . 29 28 19 10 26 30 8 32 3 12 . 25 9 42 20 45 39 7 31 7 36 . 15 6 30 49 34 5 1 46 25 37 . 24 31 3 7 22 20 5 13 35 34 . 41 28 48 2 21 37 9 23 0 18 . 27 12 36 49 43 17 4 7 38 28
-1, 46 27 42 28 33 41 24 42 32 7 . 41 29 32 19 3 20 38 5 18 43 . 43 19 5 5 38 15 32 12 42 33 . 41 14 7 40 12 34 46 6 34 24 . 21 41 2 43 40 34 34 21 33 13 . 31 2 22 10 16 21 24 32 15 8 . 8 43 49 40 0 4 47 32 21 38 . 36 28 27 0 33 18 1 24 1 14 . 1 43 18 45 20 12 47 3 2 8 . 31 43 9 36 8 4 45 22 49 3
-1, 16 38 17 23 18 16 6 48 14 27 . 27 41 42 5 34 28 28 12 21 18 . 20 20 18 14 7 5 30 21 48 10 . 7 12 25 25 7 45 17 44 10 28 . 31 35 32 44 25 44 1 42 12 48 . 3 29 31 28 22 30 32 17 25 39 . 35 49 39 45 42 29 47 39 38 3 . 43 38 2 38 34 24 0 40 19 11 . 1 22 17 4 19 11 43 5 0 39 . 24 36 26 7 8 47 13 45 11 37
-1, 3 6 6 35 42 32 22 46 37 44 . 45 29 22 36 31 5 8 41 27 20 . 37 42 38 3 2 3 33 17 38 29 . 3 21 9 48 29 13 2 31 39 35 . 32 19 36 13 12 33 45 35 3 35 . 31 5 39 9 26 47 16 42 31 44 . 10 38 39 0 38 40 45 4 6 24 . 24 5 36 24 25 30 22 24 35 45 . 47 17 45 39 7 19 43 47 18 31 . 22 15 16 9 7 37 14 8 13 9
