200
+1, 1 47 34 43 11 . 45 30 12 12 46 . 17 2 44 44 41 . 15 40 13 39 44 . 47 43 0 44 11 . 17 42 24 9 14 . 10 32 35 44 42 . 45 9 27 5 25 . 10 28 33 1 6 . 42 33 30 37 10 . 8 20 22 36 0 . 27 15 24 37 2 . 39 3 25 36 39 . 38 0 16 35 22 . 44 30 14 17 13 . 25 36 45 30 2 . 49 24 26 25 13 . 10 49 4 45 17 . 43 13 11 21 22 . 27 8 7 22 16 . 40 16 45 5 15 . 26 15 34 39 14 . 17 11 34 40 18 . 30 19 25 20 18 . 38 5 45 9 34 . 19 33 41 40 47 . 5 39 14 8 6 . 20 8 4 31 26 . 42 46 42 16 36 . 38 16 44 27 39
+1, 3 48 3 34 42 . 6 39 41 38 14 . 2 34 8 46 8 . 15 11 19 13 6 . 11 13 15 42 45 . 42 48 17 12 6 . 24 36 38 0 28 . 45 44 24 18 25 . 15 4 39 47 18 . 25 10 44 13 21 . 31 43 44 15 32 . 49 16 36 36 9 . 38 32 9 39 46 . 43 34 13 0 43 . 25 4 31 30 5 . 35 8 21 1 20 . 35 38 43 22 15 . 17 21 12 26 0 . 5 12 14 10 4 . 24 4 12 41 24 . 12 34 32 44 0 . 28 7 28 1 35 . 45 9 27 5 25 . 34 5 22 5 23 . 21 24 18 16 16 . 27 43 22 31 35 . 7 37 33 29 20 . 42 28 6 46 11 . 8 49 42 11 8 . 1 34 11 24 24
+1, 44 36 46 25 12 . 45 9 27 5 25 . 18 37 14 2 16 . 3 15 21 32 12 . 32 29 20 24 18 . 43 31 47 5 18 . 31 11 43 4 6 . 39 4 32 33 23 . 39 14 20 28 36 . 38 0 26 23 49 . 22 14 49 25 3 . 42 43 31 46 40 . 15 9 28 15 9 . 38 7 42 18 10 . 24 28 16 5 29 . 36 11 28 4 16 . 7 13 10 40 6 . 23 17 34 10 29 . 41 15 18 8 12 . 7 22 5 31 45 . 27 46 49 22 11 . 18 31 11 21 20 . 23 18 37 48 36 . 27 17 17 36 3 . 43 32 35 3 1 . 10 15 40 0 28 . 20 32 24 11 19 . 8 16 11 16 20 . 35 28 19 40 38 . 2 7 2 41 7
+1, 26 27 48 40 42 . 17 25 22 10 11 . 2 7 29 45 13 . 9 13 4 37 22 . 24 23 4 48 21 . 17 39 10 32 13 . 45 9 27 5 25 . 23 9 12 38 36 . 7 13 37 16 32 . 23 38 31 32 43 . 19 41 31 10 11 . 40 6 33 25 14 . 7 17 23 35 14 . 3 43 3 19 12 . 26 14 16 23 16 . 39 49 13 11 48 . 12 35 33 32 37 . 11 37 39 6 15 . 14 23 46 7 34 . 5 8 31 23 10 . 6 36 24 46 3 . 22 22 47 36 45 . 0 25 15 2 48 . 19 11 10 29 3 . 10 10 17 25 18 . 15 13 3 39 17 . 24 13 4 23 10 . 18 26 19 31 19 . 31 0 39 44 19 . 45 46 9 4 28
+1, 22 4 11 32 3 . 46 33 39 5 19 . 37 30 26 19 24 . 13 44 20 37 44 . 24 16 34 28 7 . 16 17 48 36 10 . 34 2 19 27 47 . 47 7 19 26 39 . 4 27 24 3 3 . 15 42 21 25 25 . 28 0 9 35 10 . 23 1 26 17 49 . 47 45 20 24 49 . 3 33 40 29 26 . 21 41 39 16 35 . 9 47 17 44 37 . 6 5 3 10 39 . 19 41 46 13 16 . 5 13 47 45 45 . 6 0 44 49 39 . 45 9 27 5 25 . 13 24 37 38 27 . 40 45 36 8 11 . 37 18 45 25 40 . 33 2 2 13 25 . 16 22 22 38 0 . 46 43 21 19 29 . 16 48 36 26 41 . 38 22 47 34 18 . 16 30 28 46 46
+1, 0 5 8 9 9 . 15 36 30 45 25 . 29 46 36 47 31 . 29 41 7 23 32 . 37 36 24 27 43 . 24 45 40 49 41 . 35 13 32 21 4 . 13 9 11 27 49 . 21 41 39 22 33 . 12 44 46 47 14 . 36 34 32 39 43 . 4 18 15 36 20 . 4 16 27 38 10 . 24 32 6 23 43 . 6 44 32 31 6 . 4 49 19 14 20 . 28 39 34 42 32 . 43 26 28 40 27 . 25 17 29 43 30 . 1 48 39 7 7 . 45 9 27 5 25 . 30 19 28 16 1 . 49 18 10 0 32 . 18 46 6 25 7 . 12 33 2 15 11 . 28 8 47 2 49 . 6 25 6 38 19 . 0 42 26 11 14 . 48 38 17 48 9 . 9 46 39 31 40
+1, 21 5 34 19 27 . 42 20 15 24 25 . 31 3 0 22 33 . 0 8 47 5 21 . 2 3 1 1 3 . 17 20 4 12 1 . 18 13 9 44 44 . 24 14 18 38 4 . 24 37 34 20 39 . 47 17 36 38 37 . 15 0 9 3 39 . 11 28 49 11 43 . 5 16 24 45 18 . 23 40 43 3 23 . 34 32 4 38 39 . 32 44 27 43 28 . 18 20 15 26 5 . 9 33 10 41 22 . 35 4 19 27 1 . 15 25 19 19 41 . 20 47 0 3 21 . 31 19 1 34 14 . 25 11 26 15 20 . 47 19 18 1 17 . 19 27 17 3 32 . 14 44 16 3 32 . 2 26 5 11 16 . 13 18 10 33 7 . 45 9 27 5 25 . 49 48 11 41 32
+1, 7 24 42 22 24 . 6 39 14 40 3 . 8 18 49 15 1 . 45 48 25 3 6 . 14 20 49 34 13 . 0 22 30 6 10 . 35 36 19 47 43 . 17 9 21 44 20 . 40 41 14 28 24 . 45 49 33 43 25 . 15 7 34 23 40 . 24 34 8 40 13 . 28 15 36 8 36 . 36 35 39 11 26 . 43 12 41 46 22 . 35 24 32 32 2 . 3 3 30 41 2 . 8 15 41 43 47 . 42 4 4 35 45 . 29 46 31 2 25 . 21 22 48 19 43 . 45 9 27 5 25 . 42 16 25 24 8 . 46 4 21 2 7 . 19 17 35 45 37 . 14 22 17 41 29 . 40 19 27 34 17 . 31 32 6 23 44 . 9 34 46 36 14 . 41 23 45 27 23
+1, 28 4 9 15 36 . 38 10 16 10 26 . 45 40 47 9 23 . 21 48 36 35 16 . 35 20 39 36 0 . 5 9 4 8 14 . 38 38 16 7 3 . 3 20 41 3 3 . 45 9 27 5 25 . 29 25 33 22 23 . 6 27 25 30 31 . 34 29 5 7 40 . 17 14 9 28 27 . 45 32 8 33 12 . 16 2 3 47 9 . 45 45 9 10 18 . 37 36 11 22 13 . 19 8 39 1 38 . 22 13 46 39 44 . 39 25 16 14 29 . 14 49 13 9 41 . 3 46 34 24 13 . 41 41 8 26 11 . 24 0 46 33 46 . 3 37 15 26 9 . 33 22 31 31 14 . 30 36 2 18 45 . 40 1 49 38 13 . 1 32 27 38 10 . 30 24 48 23 16
+1, 37 21 38 32 42 . 22 27 20 14 26 . 23 39 40 22 23 . 47 1 27 42 49 . 48 49 28 33 44 . 45 21 9 24 30 . 15 46 28 11 46 . 39 11 34 16 7 . 19 36 6 42 2 . 49 16 37 47 13 . 43 26 6 7 20 . 43 40 48 12 31 . 18 16 18 40 48 . 23 45 19 29 23 . 34 32 20 36 8 . 13 48 39 44 8 . 41 18 22 7 9 . 45 9 27 5 25 . 40 33 45 16 5 . 7 20 3 3 7 . 47 26 25 2 13 . 19 14 38 10 18 . 4 35 17 34 29 . 9 2 48 19 0 . 31 48 25 18 7 . 11 45 0 22 32 . 40 40 37 21 13 . 17 45 10 3 16 . 5 35 22 39 45 . 0 27 33 0 45
+1, 7 20 42 21 43 . 33 25 4 45 13 . 13 7 41 1 16 . 34 26 46 36 15 . 45 9 27 5 25 . 31 24 38 16 42 . 44 10 48 15 37 . 15 1 18 1 30 . 10 40 49 27 24 . 40 25 5 5 23 . 49 13 7 5 6 . 19 24 17 15 11 . 13 1 26 28 1 . 3 26 46 16 40 . 27 6 34 33 17 . 43 24 19 6 9 . 48 8 19 16 32 . 21 26 14 26 1 . 18 44 1 43 41 . 6 16 27 5 24 . 7 40 34 30 15 . 18 24 29 16 45 . 32 31 2 46 25 . 43 5 21 9 20 . 12 0 10 28 39 . 32 44 11 44 21 . 23 17 12 28 12 . 31 18 26 12 35 . 30 25 24 43 20 . 15 38 0 2 14
+1, 28 16 35 46 17 . 26 44 28 9 7 . 34 29 3 21 33 . 4 17 25 12 38 . 11 14 19 35 26 . 37 26 41 20 35 . 5 41 25 20 6 . 33 22 6 31 8 . 19 3 39 45 34 . 45 47 11 42 26 . 43 12 22 34 17 . 15 41 3 1 27 . 43 33 23 8 1 . 45 9 27 5 25 . 16 17 27 32 28 . 17 5 46 2 49 . 8 11 42 24 8 . 9 22 29 18 23 . 9 29 25 27 46 . 39 24 17 16 33 . 44 10 40 15 34 . 10 1 34 14 48 . 12 11 42 3 23 . 1 29 34 27 26 . 26 48 2 30 41 . 35 20 20 48 7 . 34 5 0 32 46 . 11 12 40 16 39 . 33 6 29 35 25 . 49 26 31 25 0
+1, 17 21 25 44 36 . 17 22 32 2 38 . 39 4 28 6 23 . 43 9 4 38 20 . 4 3 35 26 24 . 33 43 15 22 0 . 47 41 43 45 29 . 5 46 38 14 48 . 12 35 44 15 20 . 34 28 6 47 24 . 22 13 26 14 20 . 3 26 18 40 6 . 37 47 46 21 26 . 1 0 49 6 37 . 5 29 33 40 48 . 14 9 48 33 25 . 10 0 0 27 14 . 6 27 18 12 49 . 8 40 49 22 49 . 41 17 5 35 31 . 38 22 3 19 46 . 45 30 14 18 46 . 21 13 42 13 7 . 11 49 27 18 43 . 22 26 35 9 42 . 26 7 7 6 2 . 23 34 41 12 5 . 45 9 27 5 25 . 6 36 49 19 12 . 7 38 2 48 33
+1, 25 11 48 45 2 . 2 45 48 8 4 . 18 30 38 14 13 . 40 33 23 11 48 . 23 37 17 25 19 . 24 4 9 25 18 . 27 20 44 34 30 . 29 45 1 35 9 . 44 10 7 9 48 . 44 1 5 33 26 . 14 9 12 28 17 . 40 48 10 47 19 . 8 46 33 8 18 . 10 39 34 49 31 . 20 31 4 25 19 . 20 4 0 34 41 . 45 8 6 18 35 . 35 5 0 48 32 . 33 49 11 2 23 . 45 9 27 5 25 . 5 20 14 18 4 . 16 20 28 24 1 . 47 12 33 34 5 . 8 31 48 0 24 . 29 13 45 12 47 . 45 30 32 13 17 . 19 29 5 5 23 . 0 1 36 40 19 . 12 22 46 9 12 . 7 23 24 45 22
+1, 12 46 22 31 33 . 19 33 13 23 47 . 32 21 39 3 15 . 39 4 35 34 25 . 33 7 28 37 23 . 36 5 47 38 43 . 4 25 18 10 27 . 45 21 46 0 5 . 34 18 27 47 26 . 43 3 27 39 23 . 38 43 30 33 34 . 45 9 27 5 25 . 27 32 44 14 21 . 34 18 31 15 18 . 11 9 37 35 4 . 39 46 27 12 20 . 0 21 24 36 41 . 39 22 17 36 45 . 24 22 12 12 48 . 0 9 28 0 20 . 20 5 34 17 4 . 21 9 14 33 42 . 3 37 29 40 4 . 48 9 7 29 9 . 48 46 43 25 37 . 47 35 15 18 12 . 37 21 19 14 30 . 2 38 12 48 30 . 17 32 36 48 16 . 41 42 0 11 25
+1, 20 18 18 47 1 . 36 47 7 45 45 . 5 19 6 2 24 . 43 39 22 23 13 . 42 32 28 30 27 . 4 48 25 44 47 . 12 31 31 1 48 . 0 27 37 36 1 . 32 44 22 13 3 . 30 12 45 2 45 . 8 6 33 34 22 . 1 4 16 3 44 . 18 29 41 26 39 . 31 43 38 14 43 . 25 34 5 24 10 . 49 22 3 43 19 . 30 26 7 12 2 . 44 24 40 0 15 . 0 24 7 15 23 . 30 49 15 28 12 . 31 36 41 22 43 . 31 16 9 39 28 . 33 23 16 10 13 . 46 25 2 24 21 . 24 37 46 6 6 . 3 17 49 45 2 . 28 27 49 26 44 . 45 9 27 5 25 . 47 40 0 23 44 . 24 34 0 9 38
+1, 43 24 2 27 27 . 42 11 41 17 15 . 43 10 7 48 22 . 40 45 11 38 25 . 2 13 17 11 13 . 7 1 45 10 1 . 35 20 12 44 30 . 1 18 9 42 11 . 1 2 1 16 40 . 38 4 0 12 19 . 39 27 31 11 29 . 45 9 27 5 25 . 16 38 45 8 28 . 40 27 12 2 39 . 29 33 13 26 13 . 36 24 24 28 18 . 17 25 30 10 48 . 39 38 4 26 32 . 19 20 48 9 29 . 34 24 37 16 4 . 2 39 20 8 4 . 48 15 43 31 40 . 12 9 38 45 24 . 4 47 36 7 19 . 8 42 43 47 1 . 2 9 22 2 18 . 30 11 30 15 49 . 33 47 11 47 40 . 26 7 31 26 17 . 39 0 26 1 39
+1, 32 47 3 45 27 . 46 23 27 29 17 . 45 9 27 5 25 . 1 18 24 12 46 . 8 6 1 23 24 . 13 12 12 14 5 . 45 41 49 35 5 . 2 33 33 41 24 . 49 14 31 38 19 . 46 24 49 46 31 . 0 16 19 37 45 . 38 28 24 37 38 . 44 43 43 21 48 . 30 21 40 45 7 . 0 1 37 4 27 . 32 27 30 7 17 . 27 29 43 25 22 . 0 22 43 37 22 . 21 23 18 19 3 . 15 17 28 42 8 . 38 10 2 44 39 . 31 0 39 24 46 . 22 45 5 37 32 . 48 32 10 45 43 . 49 46 30 23 36 . 38 5 20 14 16 . 41 25 18 13 4 . 36 5 10 32 8 . 25 29 2 40 40 . 5 49 25 8 2
+1, 45 45 2 42 15 . 33 6 23 22 29 . 12 26 41 16 45 . 13 44 25 32 18 . 45 9 27 5 25 . 2 43 20 6 16 . 44 41 26 23 4 . 34 43 23 8 16 . 38 49 11 38 19 . 41 10 43 27 37 . 46 43 22 11 23 . 6 22 3 42 49 . 9 0 30 7 12 . 23 42 7 45 10 . 33 8 26 0 39 . 49 43 14 33 35 . 39 5 9 49 39 . 41 45 29 17 9 . 11 23 24 34 27 . 15 3 15 15 35 . 45 38 19 20 49 . 39 43 10 21 39 . 35 40 15 10 15 . 34 48 46 3 47 . 5 45 3 4 7 . 44 44 9 24 28 . 26 8 15 26 13 . 22 41 9 11 48 . 40 44 9 33 33 . 0 41 2 3 34
+1, 26 46 5 46 25 . 10 26 45 10 30 . 40 34 32 24 1 . 15 10 9 5 45 . 27 9 9 35 14 . 40 28 21 28 10 . 40 3 0 48 19 . 2 23 14 9 44 . 41 49 13 12 22 . 20 18 31 38 46 . 2 25 2 5 21 . 24 36 1 28 9 . 5 31 21 13 33 . 24 3 9 11 43 . 29 21 45 30 2 . 18 8 9 5 16 . 22 29 39 21 5 . 19 10 35 13 8 . 10 5 47 19 19 . 27 34 32 48 46 . 2 48 13 29 47 . 38 42 47 43 43 . 20 44 27 26 37 . 45 9 27 5 25 . 19 26 1 21 10 . 37 33 29 22 6 . 34 2 45 38 21 . 39 35 36 21 43 . 28 41 21 24 45 . 6 28 10 40 46
+1, 36 40 24 22 48 . 12 5 20 3 25 . 22 14 15 36 29 . 42 39 24 7 36 . 32 28 32 17 20 . 48 10 1 8 11 . 14 9 26 15 27 . 34 48 29 47 35 . 14 12 11 6 38 . 49 47 1 12 37 . 18 16 14 49 21 . 3 23 16 17 35 . 35 40 9 41 41 . 29 41 17 23 12 . 16 20 39 40 42 . 32 39 10 7 37 . 23 3 49 23 22 . 29 32 39 43 4 . 9 14 24 40 21 . 46 24 14 24 41 . 38 43 21 9 17 . 41 42 11 1 49 . 37 11 25 44 37 . 33 33 1 27 10 . 45 9 27 5 25 . 17 34 0 19 4 . 5 11 46 31 24 . 18 3 38 22 12 . 8 20 34 18 14 . 30 1 45 39 26
+1, 46 16 29 39 45 . 45 9 27 5 25 . 36 36 37 9 25 . 11 29 35 35 38 . 25 42 40 38 32 . 8 24 25 19 27 . 46 11 47 29 10 . 1 44 28 21 47 . 37 18 9 7 20 . 14 13 13 37 31 . 7 28 26 4 7 . 48 48 10 39 5 . 18 33 34 48 42 . 32 17 40 22 26 . 26 31 25 43 16 . 10 36 42 13 3 . 29 1 9 19 29 . 11 1 28 40 38 . 20 27 37 1 43 . 31 13 27 31 40 . 19 2 19 39 9 . 39 36 30 21 26 . 6 27 17 17 46 . 26 22 7 4 40 . 2 28 0 2 41 . 40 27 21 40 19 . 37 10 16 41 17 . 39 44 3 38 31 . 7 43 47 46 48 . 6 31 7 28 21
+1, 40 39 39 43 49 . 22 47 41 6 9 . 30 20 29 26 20 . 15 18 0 34 10 . 38 27 13 46 6 . 40 41 33 16 49 . 45 9 27 5 25 . 20 30 39 40 18 . 6 28 9 27 3 . 8 22 12 41 42 . 45 22 31 22 17 . 42 1 42 47 14 . 13 29 35 11 3 . 7 46 5 13 27 . 14 43 22 24 26 . 5 6 17 30 6 . 49 20 43 3 31 . 13 3 34 10 5 . 14 35 37 11 31 . 36 16 37 12 14 . 27 40 22 6 24 . 7 35 2 45 45 . 19 26 4 39 25 . 35 9 41 29 48 . 42 40 0 43 27 . 40 48 28 16 39 . 29 33 44 14 23 . 10 21 41 45 15 . 27 8 34 28 31 . 27 1 18 40 10
+1, 22 47 15 33 23 . 23 20 22 49 44 . 45 14 18 14 35 . 32 29 7 17 37 . 3 20 25 34 48 . 29 27 18 24 42 . 2 13 13 21 26 . 27 28 42 32 14 . 37 43 34 6 27 . 10 41 26 9 39 . 37 38 36 12 27 . 6 31 44 21 17 . 6 41 3 34 3 . 40 10 8 46 39 . 30 44 14 4 28 . 23 49 44 28 3 . 23 1 20 23 7 . 45 9 27 5 25 . 18 35 13 43 12 . 27 35 31 49 16 . 21 22 32 36 30 . 13 23 10 0 4 . 13 41 12 19 7 . 23 5 27 39 4 . 39 39 5 4 6 . 32 19 2 35 33 . 9 7 36 30 36 . 27 27 45 10 20 . 41 34 11 44 13 . 30 14 8 31 17
+1, 43 36 2 25 7 . 49 48 21 0 37 . 33 42 11 44 42 . 17 6 30 0 14 . 20 22 33 46 5 . 5 26 36 27 16 . 40 26 27 40 28 . 16 41 3 13 44 . 17 36 10 12 24 . 17 39 17 20 20 . 35 8 12 34 22 . 17 21 33 12 11 . 11 26 10 17 46 . 13 35 36 2 4 . 1 10 46 11 47 . 10 48 36 43 13 . 49 31 15 42 20 . 30 49 29 22 35 . 41 16 30 32 48 . 19 32 15 12 40 . 45 9 27 5 25 . 6 49 8 13 30 . 25 18 23 18 29 . 18 43 31 39 2 . 31 33 45 32 48 . 39 6 19 7 35 . 23 40 3 7 7 . 10 38 2 4 49 . 42 10 29 17 37 . 18 27 30 16 27
+1, 9 27 17 33 35 . 16 8 15 31 29 . 36 29 11 13 35 . 45 9 27 5 25 . 36 0 15 49 39 . 1 4 3 49 13 . 2 24 14 46 32 . 48 47 38 20 46 . 28 19 47 23 6 . 42 18 1 40 26 . 33 28 35 24 40 . 14 5 34 31 16 . 5 22 5 7 6 . 26 9 6 9 34 . 47 16 43 45 31 . 44 22 17 35 18 . 0 32 14 24 46 . 31 20 42 39 27 . 10 33 14 23 49 . 21 12 30 47 24 . 44 47 27 36 9 . 36 11 36 1 30 . 43 36 27 27 38 . 22 5 0 49 10 . 41 49 26 5 2 . 19 48 41 49 15 . 11 36 18 1 22 . 32 32 2 8 31 . 2 25 48 12 2 . 15 42 35 25 4
+1, 43 9 20 47 1 . 40 4 47 6 10 . 23 21 16 30 39 . 18 1 32 18 20 . 10 49 42 13 8 . 23 46 39 42 38 . 4 44 38 23 38 . 32 32 32 38 14 . 48 8 1 24 21 . 18 32 40 16 27 . 5 14 22 10 33 . 37 43 19 4 17 . 28 24 25 5 31 . 27 36 27 0 10 . 31 4 0 6 9 . 29 27 28 8 4 . 15 26 23 31 27 . 0 9 15 30 26 . 40 45 34 5 35 . 13 34 16 7 28 . 39 15 6 23 15 . 4 3 20 6 14 . 45 9 27 5 25 . 9 18 19 12 19 . 34 30 10 45 41 . 31 14 18 6 31 . 18 12 4 8 25 . 38 10 48 0 34 . 11 43 43 0 11 . 20 6 26 2 15
+1, 15 14 7 19 26 . 6 24 34 27 32 . 25 21 2 38 15 . 31 10 25 7 2 . 46 38 14 34 36 . 9 34 24 44 36 . 26 20 33 36 3 . 42 4 40 49 36 . 7 30 8 44 23 . 41 28 20 20 2 . 20 24 0 8 24 . 48 42 43 9 11 . 48 9 23 13 29 . 22 24 34 14 30 . 42 21 8 3 23 . 44 43 7 32 21 . 42 11 45 48 46 . 12 32 47 37 1 . 47 19 8 43 11 . 45 9 27 5 25 . 32 9 2 35 36 . 43 20 26 49 15 . 30 16 30 16 34 . 26 28 41 39 3 . 18 28 32 14 11 . 15 1 11 45 18 . 28 25 46 40 18 . 41 16 22 39 27 . 46 43 40 24 5 . 8 19 32 3 35
+1, 43 17 3 34 4 . 22 27 19 44 34 . 20 4 12 22 12 . 33 34 26 33 31 . 0 0 10 5 48 . 1 35 18 26 2 . 17 9 19 19 12 . 21 7 21 25 5 . 20 26 49 41 49 . 45 9 27 5 25 . 17 5 21 38 46 . 21 30 21 9 19 . 38 3 44 16 35 . 47 42 6 8 1 . 29 38 41 38 46 . 15 26 3 42 12 . 42 22 19 34 48 . 11 21 16 30 47 . 2 43 26 6 15 . 18 2 44 37 30 . 33 39 22 24 10 . 4 28 45 19 29 . 48 38 33 5 21 . 4 46 26 46 39 . 41 27 1 19 6 . 12 27 30 37 29 . 44 48 9 44 8 . 40 15 13 34 26 . 37 38 27 26 5 . 28 1 7 48 0
+1, 33 26 14 15 15 . 49 1 44 48 16 . 2 30 22 34 42 . 32 38 44 9 40 . 37 9 48 35 30 . 21 25 30 42 20 . 9 14 31 2 13 . 40 28 3 32 40 . 20 15 22 3 0 . 26 31 2 38 14 . 37 34 36 37 9 . 13 8 33 23 47 . 15 0 15 35 19 . 16 48 33 25 15 . 20 27 42 14 37 . 4 36 4 6 18 . 11 6 37 20 11 . 42 6 20 12 29 . 24 37 49 35 32 . 39 11 32 48 30 . 45 31 20 1 47 . 12 16 44 31 49 . 5 0 5 19 19 . 2 30 43 40 47 . 44 25 37 26 12 . 29 12 23 29 37 . 22 5 12 7 19 . 23 10 28 11 44 . 45 9 27 5 25 . 45 29 21 36 7
+1, 5 36 13 5 25 . 1 42 13 41 37 . 36 3 2 3 49 . 45 32 22 0 10 . 43 0 32 46 24 . 39 39 17 8 7 . 49 2 40 16 4 . 43 49 12 19 41 . 2 37 28 7 35 . 9 23 32 38 25 . 9 20 16 24 16 . 47 6 26 7 27 . 38 11 5 46 41 . 47 0 45 17 44 . 21 9 38 45 23 . 45 9 27 5 25 . 0 11 5 48 1 . 48 40 9 34 49 . 13 12 13 28 16 . 2 42 33 17 3 . 10 46 49 48 8 . 7 14 35 23 48 . 16 40 13 13 46 . 39 8 11 46 11 . 15 16 6 30 10 . 9 15 25 21 47 . 7 49 16 11 14 . 48 48 47 45 24 . 17 32 32 17 15 . 41 11 34 17 5
+1, 39 39 34 22 29 . 0 34 37 16 38 . 3 37 1 36 40 . 1 20 13 12 28 . 35 24 25 23 29 . 5 39 14 20 22 . 4 3 47 19 47 . 17 11 30 14 9 . 42 27 39 47 32 . 45 9 27 5 25 . 36 10 20 19 13 . 28 5 45 29 23 . 46 31 31 35 28 . 25 29 3 31 31 . 40 18 31 28 3 . 27 4 1 40 28 . 42 33 26 48 28 . 31 45 5 11 8 . 9 6 48 5 1 . 25 34 41 46 22 . 48 3 1 35 14 . 30 33 40 47 35 . 27 8 16 29 49 . 29 43 6 15 48 . 9 41 38 38 40 . 45 22 43 31 45 . 31 32 5 19 45 . 22 16 28 8 27 . 12 4 15 8 19 . 25 14 15 49 1
+1, 39 44 16 9 17 . 21 37 27 16 20 . 45 26 36 31 45 . 27 33 5 28 48 . 18 11 15 26 8 . 32 14 3 46 3 . 21 24 32 4 8 . 29 36 4 29 24 . 3 13 3 39 10 . 39 28 2 40 23 . 20 31 29 37 1 . 27 32 45 21 21 . 31 26 46 4 43 . 45 9 27 5 25 . 21 36 20 7 22 . 48 48 25 29 10 . 37 30 7 25 20 . 42 29 47 42 7 . 12 9 32 31 32 . 16 7 43 42 14 . 31 46 17 4 8 . 40 2 27 46 5 . 7 10 5 9 48 . 27 48 46 38 33 . 36 47 11 21 4 . 44 38 29 10 31 . 11 26 44 22 34 . 24 38 44 1 48 . 36 6 11 11 44 . 35 30 26 4 39
+1, 20 21 9 37 23 . 19 0 11 37 42 . 21 38 21 18 39 . 17 8 33 45 40 . 10 18 0 26 18 . 41 12 36 22 12 . 40 24 5 35 11 . 49 30 47 0 35 . 24 13 9 8 5 . 23 43 22 36 38 . 8 22 26 3 11 . 45 9 27 5 25 . 13 16 7 30 1 . 6 14 33 22 29 . 49 31 11 40 15 . 0 31 29 0 11 . 31 34 15 28 27 . 2 8 24 10 46 . 9 42 27 16 32 . 8 6 35 42 40 . 7 24 11 22 8 . 27 27 27 44 8 . 9 4 36 19 4 . 28 26 26 45 26 . 31 23 45 25 45 . 23 45 41 16 42 . 13 33 0 26 36 . 26 25 40 43 7 . 10 47 17 29 2 . 12 24 40 44 38
+1, 10 29 10 11 31 . 24 7 12 24 20 . 48 22 2 7 47 . 4 18 36 13 17 . 20 21 20 27 2 . 17 16 3 0 38 . 44 33 49 12 45 . 24 42 8 16 34 . 0 48 35 27 0 . 42 47 0 47 11 . 27 45 4 4 28 . 6 24 0 16 4 . 46 27 30 48 6 . 24 7 1 28 34 . 19 17 32 32 3 . 5 9 38 44 31 . 0 38 11 16 33 . 48 24 27 22 15 . 49 18 15 23 19 . 40 12 11 45 2 . 45 9 27 5 25 . 29 1 26 23 6 . 5 28 46 26 19 . 6 6 16 32 4 . 31 8 35 4 26 . 23 27 24 32 44 . 34 19 13 3 32 . 3 15 37 19 43 . 36 33 42 14 32 . 16 23 28 9 14
+1, 36 47 31 23 17 . 32 11 12 0 14 . 40 24 49 9 41 . 23 4 25 19 39 . 36 43 8 41 47 . 13 45 41 33 7 . 46 19 41 42 20 . 9 49 11 23 24 . 3 24 45 41 19 . 3 37 19 23 8 . 40 1 20 5 42 . 45 33 46 13 16 . 24 28 43 10 13 . 4 38 28 33 28 . 22 7 40 41 25 . 42 45 4 19 27 . 44 9 37 31 2 . 17 16 8 48 31 . 9 39 38 49 45 . 48 31 49 28 37 . 43 12 26 12 24 . 10 17 47 33 41 . 23 27 5 27 48 . 37 35 0 20 26 . 5 1 13 20 23 . 4 30 33 18 12 . 46 29 8 16 26 . 40 41 25 29 33 . 46 49 40 13 34 . 45 9 27 5 25
+1, 16 16 31 28 40 . 38 8 11 37 15 . 0 36 40 48 11 . 9 26 17 6 1 . 27 23 4 2 26 . 45 9 27 5 25 . 36 29 7 38 44 . 3 2 27 45 23 . 16 13 44 42 13 . 46 7 27 41 35 . 9 9 18 30 37 . 32 11 36 14 21 . 38 44 13 16 17 . 48 44 36 8 14 . 0 34 20 34 30 . 43 6 8 21 16 . 16 35 9 5 20 . 14 39 23 30 2 . 45 10 11 42 27 . 23 31 13 41 28 . 17 12 20 43 14 . 4 11 27 6 11 . 34 26 26 5 14 . 4 33 32 10 28 . 15 42 3 38 26 . 48 11 39 7 27 . 49 3 49 4 34 . 0 17 31 8 19 . 2 30 34 15 17 . 45 9 41 12 41
+1, 49 9 8 7 25 . 27 46 34 7 11 . 43 44 27 47 23 . 13 22 10 44 0 . 32 35 0 10 2 . 44 26 27 39 42 . 30 40 23 38 24 . 44 5 43 0 11 . 19 14 40 27 4 . 20 41 38 0 44 . 37 16 42 0 22 . 27 46 41 39 28 . 41 40 45 44 43 . 49 22 8 4 38 . 8 32 29 37 10 . 3 3 36 31 20 . 11 4 40 8 15 . 35 29 25 15 6 . 48 7 24 26 2 . 39 0 44 28 19 . 4 47 38 39 15 . 17 43 21 14 34 . 45 9 27 5 25 . 32 22 33 12 4 . 6 8 8 23 26 . 39 23 1 45 40 . 14 10 16 24 18 . 42 7 21 44 20 . 11 48 32 17 23 . 20 1 28 28 44
+1, 28 26 45 42 16 . 22 31 23 47 47 . 33 48 45 7 19 . 6 1 12 20 30 . 49 45 38 41 21 . 15 30 21 22 47 . 40 38 25 3 44 . 38 12 20 33 6 . 10 49 12 40 11 . 42 12 37 32 47 . 34 43 48 25 15 . 36 1 4 42 21 . 42 3 32 18 2 . 30 29 28 43 1 . 48 6 15 0 45 . 48 43 4 18 28 . 22 31 38 45 35 . 21 49 2 45 1 . 35 13 19 22 41 . 33 6 6 33 23 . 12 39 28 6 1 . 2 12 47 4 12 . 8 31 37 16 37 . 5 28 42 0 43 . 29 30 16 19 18 . 45 9 27 5 25 . 30 49 13 29 1 . 6 23 49 26 28 . 11 9 47 44 12 . 11 4 5 10 38
+1, 5 19 8 31 28 . 2 19 4 38 4 . 31 30 31 27 13 . 38 22 35 37 25 . 40 16 9 47 37 . 46 2 38 18 43 . 6 21 49 45 33 . 32 46 23 2 38 . 49 43 47 48 41 . 29 23 43 3 11 . 0 38 23 40 1 . 27 40 13 12 33 . 17 24 36 27 6 . 10 31 5 17 46 . 32 19 39 41 22 . 45 9 27 5 25 . 12 41 11 39 0 . 49 29 32 33 7 . 28 9 23 12 11 . 42 46 45 40 46 . 5 9 3 36 46 . 12 36 46 10 36 . 20 47 15 37 13 . 1 24 3 44 10 . 7 21 11 6 34 . 26 34 27 28 3 . 34 30 44 41 14 . 8 38 19 32 23 . 32 36 46 11 7 . 32 48 2 41 21
+1, 39 7 1 37 21 . 29 39 45 48 21 . 19 16 49 12 44 . 49 41 2 21 39 . 8 22 27 34 16 . 8 43 40 16 7 . 19 4 19 9 41 . 9 19 31 29 5 . 44 10 31 12 34 . 10 22 25 25 26 . 14 7 45 19 42 . 6 17 9 6 12 . 28 20 6 9 15 . 22 25 2 37 39 . 20 17 5 47 32 . 11 12 10 8 14 . 8 14 19 36 36 . 4 47 18 11 19 . 24 25 1 35 3 . 31 49 7 10 14 . 5 4 22 47 43 . 11 19 49 22 25 . 33 23 13 11 42 . 45 9 27 5 25 . 25 26 41 46 4 . 3 48 22 37 44 . 20 41 22 45 26 . 21 28 22 25 40 . 39 6 35 26 26 . 20 42 16 12 13
+1, 41 49 2 12 31 . 35 1 29 26 27 . 23 6 29 2 39 . 18 20 37 28 40 . 46 38 19 46 42 . 41 31 6 12 15 . 48 45 26 14 45 . 33 15 36 33 1 . 12 43 8 9 23 . 45 9 27 5 25 . 13 11 25 5 17 . 41 40 29 24 15 . 12 48 30 29 12 . 38 9 26 20 22 . 43 27 29 18 22 . 38 29 23 41 43 . 11 35 48 16 10 . 21 34 6 25 28 . 7 1 9 30 6 . 35 18 37 11 39 . 20 49 7 43 21 . 4 4 44 38 48 . 32 33 33 41 0 . 35 12 20 23 34 . 33 1 34 22 20 . 8 23 41 45 20 . 29 33 32 20 9 . 28 49 22 29 9 . 49 31 43 34 7 . 3 31 18 33 3
+1, 21 37 4 21 31 . 19 45 29 26 38 . 29 15 48 16 19 . 35 22 24 30 11 . 14 6 10 46 2 . 10 35 40 20 35 . 32 12 44 22 35 . 1 44 29 18 49 . 32 23 38 32 4 . 42 30 16 40 4 . 24 11 29 33 7 . 30 34 32 9 48 . 33 15 14 35 23 . 25 17 5 47 36 . 13 10 27 4 17 . 11 22 33 11 16 . 5 26 16 42 20 . 45 9 27 5 25 . 16 30 0 23 28 . 27 29 7 23 7 . 0 9 26 19 4 . 27 44 16 0 10 . 21 48 12 47 49 . 11 34 34 44 36 . 35 6 17 19 21 . 26 13 34 10 49 . 21 25 34 35 34 . 42 1 47 19 14 . 38 5 11 33 38 . 16 41 28 25 1
+1, 20 1 39 1 45 . 45 9 27 5 25 . 17 43 36 22 42 . 35 23 17 40 25 . 39 7 29 35 16 . 10 18 8 37 27 . 0 4 20 21 16 . 30 19 37 36 39 . 29 44 29 29 19 . 48 1 23 49 26 . 46 46 6 30 17 . 5 12 26 3 14 . 33 7 22 40 32 . 17 29 45 33 1 . 22 17 5 37 33 . 1 39 41 43 39 . 29 15 23 9 36 . 31 1 45 18 36 . 12 1 26 18 33 . 23 42 25 38 49 . 0 45 20 17 40 . 9 33 45 6 19 . 49 22 8 22 12 . 48 43 33 14 40 . 38 6 32 7 5 . 30 22 11 13 49 . 43 31 7 37 43 . 45 4 30 3 19 . 43 25 34 49 2 . 6 36 7 34 10
+1, 6 28 21 33 33 . 33 22 40 16 3 . 28 23 36 15 30 . 24 27 15 13 43 . 24 27 34 38 5 . 49 26 2 48 8 . 2 12 1 48 16 . 40 17 38 45 41 . 45 9 27 5 25 . 35 43 45 18 35 . 19 21 25 7 39 . 1 28 33 12 19 . 14 0 10 26 27 . 39 0 38 17 22 . 38 49 27 48 6 . 41 26 9 3 43 . 17 40 19 15 20 . 7 12 25 31 14 . 32 32 12 19 29 . 41 2 31 6 27 . 8 39 27 39 40 . 10 15 49 18 3 . 3 46 12 21 5 . 25 43 24 3 27 . 2 27 9 3 13 . 49 40 18 48 42 . 15 49 27 12 8 . 19 49 9 9 29 . 1 14 45 20 21 . 2 10 44 18 35
+1, 37 2 16 46 1 . 43 29 41 34 8 . 8 7 45 20 11 . 7 45 13 38 3 . 28 40 7 20 14 . 37 22 24 47 0 . 16 49 10 4 2 . 24 16 5 46 30 . 5 31 12 18 22 . 15 49 48 1 43 . 6 25 46 7 35 . 5 39 20 22 32 . 46 36 6 36 37 . 26 32 29 24 49 . 45 9 27 5 25 . 12 9 4 38 14 . 40 2 46 49 25 . 6 38 29 28 42 . 34 13 2 28 1 . 47 0 40 18 6 . 31 15 33 40 7 . 42 6 20 38 46 . 2 13 28 46 31 . 30 20 49 18 34 . 24 27 39 37 35 . 17 11 8 45 6 . 4 8 43 40 8 . 36 31 42 15 42 . 26 40 34 1 2 . 2 49 10 15 23
+1, 39 14 31 0 3 . 36 2 32 39 22 . 1 31 2 21 5 . 7 32 47 24 48 . 42 25 14 4 24 . 15 0 36 15 0 . 35 27 5 45 30 . 17 13 19 16 2 . 31 44 41 28 4 . 9 44 34 41 8 . 22 48 23 2 35 . 31 32 8 13 25 . 41 45 46 20 31 . 4 10 2 7 23 . 13 17 49 0 24 . 21 13 36 22 44 . 5 3 37 16 7 . 16 25 25 8 25 . 45 9 27 5 25 . 43 47 25 41 28 . 37 9 42 44 37 . 42 31 14 26 23 . 0 37 3 38 43 . 11 21 14 9 42 . 4 36 10 16 0 . 36 41 8 20 29 . 5 29 29 48 18 . 12 40 44 0 33 . 24 19 41 25 2 . 26 7 46 46 26
+1, 3 2 32 46 38 . 15 46 33 1 45 . 41 33 11 30 2 . 14 10 2 34 41 . 4 48 4 17 37 . 39 26 7 21 17 . 4 40 19 47 42 . 39 39 13 9 7 . 9 35 35 26 2 . 28 43 28 15 33 . 37 30 23 40 34 . 12 23 32 49 3 . 23 42 25 1 46 . 49 13 49 9 16 . 49 48 37 24 36 . 45 46 14 6 18 . 45 5 23 20 31 . 35 6 22 24 5 . 24 28 3 24 14 . 23 17 5 34 10 . 41 47 1 19 11 . 20 33 12 16 19 . 24 49 14 37 17 . 3 40 42 49 16 . 27 22 18 18 25 . 48 18 27 8 16 . 3 37 29 5 17 . 5 34 31 38 22 . 45 9 27 5 25 . 37 20 37 28 37
+1, 0 2 1 25 1 . 46 36 25 8 25 . 31 27 1 4 4 . 34 1 9 28 27 . 15 16 22 45 22 . 48 18 24 31 38 . 0 33 40 49 8 . 4 11 17 47 29 . 46 29 38 30 48 . 27 47 25 1 11 . 35 3 5 28 11 . 49 18 29 23 42 . 36 35 18 2 31 . 25 40 10 28 5 . 44 46 35 43 49 . 11 49 44 7 24 . 47 19 20 0 24 . 26 35 27 40 6 . 19 28 9 10 19 . 28 16 2 23 48 . 34 41 42 9 42 . 45 9 27 5 25 . 11 19 2 10 2 . 2 36 38 26 0 . 20 9 14 29 2 . 34 25 45 48 15 . 25 43 26 24 17 . 42 28 49 42 24 . 30 2 19 19 36 . 32 44 3 27 37
+1, 21 2 13 23 35 . 31 36 9 9 17 . 1 31 6 38 20 . 33 24 4 5 49 . 18 15 7 30 13 . 10 23 12 9 49 . 44 44 42 4 39 . 5 37 43 10 43 . 47 41 48 47 18 . 25 27 8 27 26 . 39 36 16 35 21 . 39 0 23 29 1 . 24 47 14 4 10 . 22 26 22 20 26 . 9 43 35 44 23 . 22 20 32 45 28 . 26 37 17 22 19 . 48 44 33 9 32 . 20 10 6 23 13 . 13 6 46 43 10 . 45 9 27 5 25 . 10 22 34 12 24 . 37 48 27 39 46 . 39 40 46 45 19 . 4 8 21 45 43 . 9 44 26 7 35 . 35 19 16 31 37 . 35 1 15 36 11 . 42 41 14 4 15 . 26 41 2 41 14
+1, 13 38 24 1 27 . 28 30 7 21 30 . 29 0 13 15 40 . 40 47 19 18 36 . 29 6 24 10 46 . 14 9 48 7 38 . 25 48 10 11 13 . 1 18 39 39 27 . 37 7 40 48 36 . 21 22 14 40 3 . 26 6 10 38 25 . 36 6 47 23 45 . 5 44 40 22 34 . 11 36 40 42 35 . 47 38 39 10 18 . 13 48 21 2 10 . 15 4 5 7 35 . 13 28 23 2 45 . 5 29 35 41 41 . 45 9 27 5 25 . 38 23 42 35 34 . 49 19 1 16 49 . 48 14 43 20 1 . 49 25 45 33 31 . 23 41 4 20 6 . 6 40 0 11 5 . 49 27 38 1 49 . 43 18 41 40 33 . 27 42 9 2 37 . 9 8 22 26 31
+1, 7 10 40 4 25 . 32 24 31 23 26 . 9 39 17 33 27 . 13 44 37 9 37 . 45 9 27 5 25 . 37 9 38 16 17 . 34 13 4 21 37 . 37 30 8 43 12 . 31 18 40 49 22 . 46 18 18 33 43 . 8 43 44 7 33 . 22 32 38 10 47 . 14 2 14 48 26 . 6 18 24 6 32 . 28 42 35 25 17 . 46 33 14 33 44 . 25 22 11 10 43 . 12 9 16 28 29 . 12 7 43 48 8 . 16 12 18 32 10 . 29 21 43 16 24 . 29 47 34 19 9 . 19 47 21 28 42 . 11 4 22 20 32 . 25 44 46 41 0 . 49 47 21 11 18 . 7 32 0 49 34 . 11 43 16 15 34 . 43 31 43 22 39 . 44 9 8 2 24
+1, 13 27 11 27 14 . 15 11 34 0 10 . 24 34 15 46 12 . 5 7 19 18 19 . 37 27 16 36 35 . 30 3 36 13 5 . 22 12 48 10 17 . 2 36 15 45 14 . 10 26 16 47 35 . 8 43 15 41 7 . 16 29 44 7 36 . 17 34 24 30 21 . 27 44 23 34 39 . 33 27 2 37 1 . 30 47 31 47 29 . 37 0 37 38 21 . 26 4 9 47 24 . 6 19 11 39 18 . 30 21 25 23 7 . 5 11 18 3 2 . 23 4 42 1 15 . 8 11 28 43 10 . 26 15 16 10 21 . 45 9 27 5 25 . 27 28 40 7 25 . 38 45 37 0 41 . 2 33 43 42 41 . 40 48 1 7 15 . 43 27 23 37 32 . 29 43 19 35 33
+1, 38 18 15 38 16 . 35 43 21 31 40 . 35 26 5 47 16 . 43 49 24 25 18 . 6 42 0 30 47 . 19 28 3 25 32 . 40 22 29 16 42 . 26 47 32 29 24 . 46 3 2 2 35 . 26 46 22 36 38 . 6 0 11 39 16 . 45 9 27 5 25 . 37 42 29 23 49 . 13 20 47 27 39 . 2 46 0 6 4 . 46 46 22 9 5 . 8 1 21 25 35 . 10 39 26 20 0 . 19 46 21 34 15 . 30 28 7 34 37 . 45 17 40 20 17 . 20 21 7 32 32 . 47 3 5 38 45 . 30 28 27 2 37 . 26 23 43 40 28 . 49 18 15 29 24 . 6 23 15 40 19 . 30 48 23 40 15 . 42 48 10 1 18 . 35 23 34 17 38
+1, 46 5 27 3 14 . 36 39 38 26 29 . 9 7 17 36 19 . 27 30 20 30 42 . 47 4 34 0 27 . 9 13 38 20 35 . 6 29 18 21 7 . 33 47 44 28 48 . 14 43 3 25 41 . 45 9 27 5 25 . 5 26 5 27 48 . 16 3 33 13 21 . 48 10 16 10 2 . 19 42 20 39 14 . 35 44 12 40 39 . 10 31 15 29 14 . 26 31 22 16 20 . 47 29 33 13 23 . 42 12 44 2 25 . 37 14 36 28 22 . 15 2 21 48 46 . 45 35 48 3 15 . 48 29 33 48 44 . 25 3 37 17 9 . 38 35 23 5 48 . 28 32 47 18 9 . 36 8 29 33 4 . 27 12 27 9 27 . 18 29 25 16 43 . 15 41 8 41 30
+1, 19 23 23 13 22 . 23 28 32 1 18 . 24 19 18 17 2 . 23 19 7 28 12 . 8 31 22 8 25 . 9 40 44 24 15 . 45 9 27 5 25 . 19 4 43 5 19 . 28 17 18 15 9 . 15 47 0 43 45 . 6 23 48 43 2 . 8 40 3 20 25 . 42 26 13 45 7 . 15 29 20 16 45 . 48 10 31 42 41 . 2 37 20 10 27 . 33 33 11 25 42 . 23 26 12 38 15 . 18 9 39 40 14 . 13 38 34 32 16 . 42 33 20 9 48 . 30 40 31 37 47 . 29 15 6 6 18 . 42 33 29 11 9 . 20 39 39 11 44 . 37 40 3 20 33 . 23 36 10 46 23 . 18 6 29 41 36 . 20 37 43 30 17 . 0 37 38 37 27
+1, 11 18 49 5 43 . 40 1 38 48 12 . 19 7 44 43 15 . 18 23 23 20 45 . 40 25 27 21 7 . 39 33 43 22 2 . 14 20 40 8 34 . 27 13 10 34 25 . 38 31 42 33 17 . 14 5 40 21 33 . 5 38 18 45 39 . 27 39 23 19 5 . 9 43 32 38 17 . 40 42 16 49 48 . 34 35 21 47 20 . 46 21 15 35 7 . 23 16 26 22 40 . 37 41 11 0 12 . 36 31 32 47 32 . 35 43 47 1 41 . 1 0 25 0 2 . 29 28 48 46 37 . 5 11 18 40 44 . 45 14 5 39 45 . 45 9 27 5 25 . 40 42 15 36 33 . 43 40 5 3 13 . 3 24 28 34 25 . 16 15 29 32 13 . 30 14 38 33 34
+1, 47 38 8 39 28 . 21 41 18 8 10 . 4 7 36 16 20 . 34 31 20 37 11 . 16 0 6 45 2 . 26 43 20 12 49 . 24 2 49 28 0 . 48 11 47 13 38 . 18 23 11 11 27 . 10 47 36 9 23 . 11 43 29 28 28 . 27 22 40 10 45 . 26 4 4 16 9 . 47 30 37 30 29 . 22 10 28 28 2 . 37 35 7 3 17 . 17 5 27 38 22 . 5 16 4 5 25 . 35 34 37 20 6 . 42 6 39 33 30 . 12 37 45 1 34 . 44 49 49 28 19 . 9 27 28 17 25 . 1 24 0 15 13 . 45 9 27 5 25 . 8 23 10 8 26 . 1 40 18 45 4 . 30 45 28 25 0 . 11 28 8 11 46 . 32 9 24 2 2
+1, 40 22 34 15 28 . 7 40 4 33 11 . 45 6 24 41 25 . 45 9 27 5 25 . 39 21 23 1 48 . 31 28 10 34 18 . 2 31 33 4 49 . 19 3 37 38 27 . 45 47 22 24 32 . 21 36 5 25 19 . 13 34 4 27 37 . 44 7 44 33 41 . 18 28 28 45 25 . 17 1 7 26 0 . 42 33 7 46 33 . 27 44 49 8 31 . 3 41 10 0 1 . 8 48 0 0 28 . 16 41 0 8 18 . 40 15 2 35 0 . 31 2 15 28 40 . 23 34 3 18 27 . 14 18 27 37 29 . 16 31 25 28 21 . 29 6 35 8 7 . 43 30 3 33 32 . 46 9 0 10 22 . 28 14 4 21 21 . 1 0 38 1 10 . 46 37 7 39 37
+1, 17 47 16 24 9 . 17 22 13 14 49 . 21 41 24 19 12 . 28 32 35 38 17 . 29 11 29 35 0 . 29 10 19 9 20 . 10 5 20 17 31 . 32 21 17 0 48 . 25 33 20 20 34 . 12 24 34 37 46 . 12 42 16 27 26 . 15 22 3 42 34 . 2 43 44 8 3 . 45 9 27 5 25 . 2 4 41 38 3 . 0 24 17 42 28 . 22 4 30 38 15 . 48 2 33 40 45 . 38 24 29 21 15 . 37 19 26 9 4 . 23 1 11 7 42 . 39 14 16 32 30 . 45 15 28 33 7 . 34 21 46 24 4 . 8 35 29 39 21 . 31 19 27 3 46 . 24 29 25 34 21 . 34 8 22 36 25 . 10 31 7 9 41 . 21 17 6 40 36
+1, 44 28 44 14 34 . 46 39 8 45 25 . 25 47 28 25 37 . 29 10 8 18 24 . 25 1 39 47 27 . 27 45 20 23 29 . 2 16 21 5 10 . 45 30 42 38 43 . 45 9 27 5 25 . 16 25 31 28 47 . 17 6 21 23 49 . 7 47 6 30 9 . 16 36 49 8 13 . 40 1 19 0 43 . 26 15 45 18 31 . 35 48 24 28 35 . 29 4 17 19 19 . 21 18 2 30 17 . 47 14 7 22 15 . 5 31 7 4 5 . 21 8 15 7 21 . 41 22 5 32 37 . 36 14 4 8 3 . 2 7 5 12 49 . 23 41 35 41 19 . 10 36 31 31 46 . 33 48 41 33 18 . 20 0 21 39 22 . 24 38 27 30 9 . 43 25 24 35 33
+1, 34 38 20 0 23 . 16 29 25 15 8 . 48 21 21 49 49 . 21 7 11 37 27 . 36 26 34 29 7 . 6 0 25 17 2 . 29 20 5 22 7 . 33 37 19 41 23 . 47 48 49 34 41 . 4 19 24 33 23 . 5 5 1 28 14 . 0 9 5 46 26 . 42 12 21 34 9 . 3 4 26 43 49 . 25 38 1 2 38 . 31 10 33 36 24 . 13 1 36 32 2 . 22 28 21 34 30 . 19 28 19 8 49 . 10 30 11 2 31 . 3 14 19 3 29 . 47 27 45 44 46 . 24 2 12 47 8 . 8 18 5 21 12 . 9 14 14 1 37 . 1 25 18 28 8 . 45 2 3 37 20 . 32 21 20 48 41 . 4 47 38 35 3 . 45 9 27 5 25
+1, 42 10 2 23 4 . 13 10 18 28 42 . 20 18 28 27 42 . 25 12 40 20 44 . 20 7 47 9 18 . 10 14 36 40 0 . 11 41 43 27 17 . 32 3 6 22 0 . 39 0 29 23 23 . 24 25 45 43 2 . 48 22 2 13 15 . 2 32 12 14 38 . 10 2 2 28 42 . 23 30 6 47 30 . 18 46 15 36 36 . 34 20 17 43 13 . 12 32 14 32 35 . 47 14 38 36 20 . 29 46 28 26 19 . 14 8 2 48 6 . 45 9 27 5 25 . 10 1 6 22 0 . 45 39 46 24 17 . 39 47 21 34 4 . 47 10 26 0 48 . 33 40 29 31 10 . 15 45 39 8 17 . 48 18 8 13 38 . 38 11 37 19 12 . 38 35 15 23 4
+1, 15 43 37 33 24 . 10 15 11 4 12 . 18 4 15 13 20 . 5 33 0 12 4 . 12 11 16 18 22 . 34 41 49 10 37 . 47 42 35 14 45 . 8 26 42 7 44 . 4 15 26 17 4 . 8 18 25 23 37 . 31 29 38 21 23 . 13 38 40 1 20 . 18 40 44 32 1 . 25 11 13 9 17 . 47 14 38 36 29 . 29 36 11 25 43 . 27 41 21 7 34 . 10 18 20 42 33 . 3 33 15 11 7 . 5 19 11 4 35 . 45 9 27 5 25 . 11 2 10 39 38 . 5 23 49 39 9 . 47 28 17 41 17 . 5 16 22 14 46 . 11 18 45 3 43 . 42 14 36 8 3 . 22 18 44 34 24 . 4 8 42 3 1 . 45 7 41 0 31
+1, 15 36 23 19 44 . 20 32 24 35 40 . 41 28 31 15 37 . 28 38 36 21 1 . 23 0 25 40 48 . 13 3 9 49 38 . 17 7 0 44 6 . 11 28 34 30 32 . 39 34 30 16 31 . 23 19 46 43 47 . 20 18 38 21 47 . 40 23 36 24 16 . 44 48 32 5 48 . 43 22 40 36 26 . 14 12 11 13 4 . 35 40 15 49 44 . 39 10 33 6 7 . 41 43 8 40 18 . 7 23 19 13 2 . 9 10 36 46 28 . 18 10 22 49 27 . 19 45 33 15 40 . 39 0 32 29 47 . 16 48 1 33 13 . 33 11 46 20 28 . 18 20 4 20 45 . 45 9 27 5 25 . 4 31 37 11 29 . 44 36 30 20 46 . 0 42 17 26 9
+1, 33 20 14 21 15 . 47 43 37 32 27 . 46 3 31 35 9 . 19 14 28 1 30 . 31 4 16 26 29 . 39 43 29 40 39 . 40 9 11 26 12 . 5 44 34 15 13 . 22 31 45 0 0 . 9 18 38 37 45 . 41 49 11 28 26 . 31 15 22 0 16 . 29 9 10 41 27 . 45 9 27 5 25 . 3 22 16 6 37 . 18 17 8 31 21 . 13 22 21 41 33 . 18 2 20 39 47 . 9 17 14 5 41 . 45 46 31 42 24 . 19 28 21 28 10 . 41 21 4 9 41 . 21 11 49 27 22 . 30 42 8 34 24 . 23 44 30 22 36 . 13 24 39 35 40 . 14 37 46 26 0 . 41 29 21 6 5 . 36 37 31 26 7 . 25 9 30 19 4
+1, 20 15 35 26 33 . 31 12 29 47 18 . 49 24 24 25 43 . 26 28 9 29 19 . 6 21 35 25 26 . 49 18 18 28 41 . 35 4 27 10 28 . 15 13 26 49 18 . 18 4 15 39 3 . 46 29 1 24 43 . 18 2 34 4 49 . 43 32 10 47 41 . 20 44 9 35 16 . 19 27 42 11 9 . 22 44 41 10 37 . 0 13 48 6 1 . 31 20 12 34 42 . 45 9 27 5 25 . 40 24 25 18 25 . 33 43 15 9 46 . 43 27 2 3 30 . 0 42 46 33 0 . 32 47 34 14 9 . 43 38 8 7 6 . 41 4 33 43 47 . 44 1 24 27 28 . 26 38 40 24 25 . 1 12 49 40 28 . 13 31 49 36 8 . 43 39 42 5 49
+1, 45 39 49 45 33 . 16 8 46 3 40 . 27 1 13 4 40 . 11 35 16 30 21 . 41 41 41 8 17 . 45 9 27 5 25 . 10 20 10 4 49 . 26 11 10 47 7 . 29 42 9 30 28 . 23 2 26 49 25 . 39 18 25 11 7 . 18 19 7 2 14 . 24 28 23 47 11 . 44 25 25 5 23 . 15 6 32 20 17 . 40 47 6 19 14 . 11 17 2 29 17 . 9 34 48 46 22 . 19 44 48 40 40 . 25 41 49 4 2 . 29 9 38 0 11 . 10 30 48 41 16 . 31 9 46 36 16 . 36 25 32 17 39 . 0 24 5 39 5 . 45 21 29 34 40 . 40 20 32 16 20 . 41 22 22 36 41 . 5 13 36 38 1 . 0 21 30 16 47
+1, 22 11 2 49 27 . 49 16 11 42 30 . 3 14 33 14 32 . 1 3 34 12 49 . 39 37 10 39 28 . 28 48 19 46 12 . 12 14 31 44 26 . 13 19 1 33 49 . 7 18 0 14 42 . 25 21 4 12 30 . 5 43 1 44 25 . 40 30 17 44 47 . 27 5 31 31 25 . 16 36 11 42 8 . 6 49 48 6 49 . 39 21 30 13 36 . 22 37 9 28 41 . 19 8 12 15 17 . 31 27 49 4 41 . 49 14 11 38 14 . 47 47 3 11 8 . 35 48 36 48 33 . 47 21 1 15 8 . 31 36 34 17 10 . 6 40 18 36 40 . 39 37 26 39 4 . 40 6 11 15 1 . 36 47 3 8 44 . 42 37 32 35 30 . 45 9 27 5 25
+1, 41 13 0 27 33 . 22 2 7 12 7 . 36 41 1 24 5 . 20 28 45 7 46 . 43 39 29 17 5 . 1 34 44 5 17 . 48 5 27 6 24 . 1 45 28 2 12 . 44 32 11 23 39 . 24 23 48 31 11 . 21 32 38 20 48 . 45 41 30 26 33 . 32 31 17 33 5 . 21 9 0 36 24 . 44 18 12 16 2 . 39 43 28 24 47 . 17 34 3 45 20 . 20 29 30 31 7 . 11 25 32 39 12 . 44 5 4 0 30 . 19 19 25 49 45 . 39 6 23 45 9 . 5 8 2 1 46 . 7 5 42 7 47 . 48 36 32 36 24 . 45 26 1 42 20 . 17 10 35 36 40 . 8 35 14 32 10 . 41 47 33 19 38 . 45 9 27 5 25
+1, 18 25 23 17 45 . 24 39 8 7 45 . 44 21 3 23 37 . 26 45 22 4 30 . 23 2 8 31 23 . 43 1 29 13 33 . 4 6 18 7 4 . 20 24 28 28 39 . 42 47 27 38 14 . 40 46 43 30 37 . 38 9 6 13 20 . 35 19 38 44 22 . 10 3 47 31 11 . 14 10 29 30 14 . 4 41 49 7 31 . 31 33 9 32 9 . 32 24 26 35 20 . 14 34 34 47 26 . 22 34 16 45 47 . 15 40 21 10 33 . 1 13 11 40 36 . 42 20 47 10 38 . 47 8 11 22 35 . 10 3 27 24 14 . 26 18 14 14 48 . 33 18 3 4 36 . 45 9 27 5 25 . 2 1 32 15 16 . 39 47 45 6 22 . 18 29 0 4 32
+1, 36 14 41 36 1 . 29 21 20 45 41 . 19 2 45 42 43 . 39 20 17 27 26 . 22 31 29 15 13 . 30 33 29 36 16 . 29 29 17 18 31 . 11 1 36 19 27 . 8 17 47 18 36 . 47 43 24 48 2 . 22 37 24 26 43 . 10 47 39 0 4 . 9 31 21 45 40 . 47 35 44 48 3 . 3 44 13 39 37 . 10 3 41 44 22 . 25 7 25 4 29 . 7 30 6 48 4 . 35 22 16 21 41 . 11 48 44 36 1 . 12 31 4 35 37 . 48 2 36 11 41 . 15 21 2 44 5 . 30 35 47 8 11 . 9 5 12 38 18 . 11 17 14 40 10 . 45 9 27 5 25 . 43 8 18 17 6 . 21 31 34 5 29 . 27 34 13 46 33
+1, 0 13 12 33 49 . 9 47 15 10 7 . 44 21 9 28 39 . 38 15 15 44 29 . 1 41 1 31 26 . 46 30 7 5 29 . 6 47 30 21 26 . 47 35 31 8 34 . 7 46 24 5 1 . 32 40 9 30 26 . 35 47 25 31 18 . 45 9 27 5 25 . 6 43 41 44 38 . 42 6 24 16 6 . 18 2 13 41 35 . 4 14 40 4 6 . 9 14 26 6 38 . 7 37 27 7 35 . 26 37 6 17 17 . 15 11 33 40 19 . 31 1 49 9 20 . 20 37 28 13 21 . 13 15 11 32 41 . 24 36 36 30 5 . 19 45 40 10 28 . 23 25 21 43 33 . 42 0 7 46 14 . 31 8 37 32 46 . 22 25 30 35 16 . 21 42 0 43 37
+1, 45 9 27 5 25 . 16 34 24 41 31 . 24 36 8 37 2 . 2 15 48 11 20 . 48 5 13 48 36 . 9 26 35 37 46 . 35 45 4 21 47 . 28 29 9 47 39 . 49 17 41 34 45 . 21 35 42 27 32 . 0 49 34 33 48 . 28 22 31 20 16 . 46 37 17 46 22 . 45 27 30 23 20 . 29 38 2 13 22 . 18 33 31 36 10 . 5 3 24 38 16 . 26 24 39 12 29 . 2 33 14 3 29 . 18 30 49 26 3 . 2 15 12 48 26 . 30 27 10 11 6 . 23 33 10 1 3 . 32 25 2 39 11 . 39 38 36 31 14 . 44 8 5 36 15 . 27 5 11 20 25 . 34 34 47 2 48 . 0 31 20 39 4 . 41 11 29 13 44
+1, 2 39 43 10 42 . 25 4 15 12 45 . 43 49 15 24 28 . 49 2 47 26 4 . 7 29 20 6 37 . 26 32 18 22 3 . 39 20 19 35 23 . 37 29 24 46 14 . 8 1 7 0 4 . 45 9 27 5 25 . 19 33 18 3 16 . 28 49 34 43 19 . 5 20 28 11 0 . 2 48 5 19 33 . 35 24 36 33 3 . 33 5 18 3 45 . 21 41 38 28 47 . 6 7 28 30 24 . 44 38 0 9 19 . 16 21 20 42 22 . 43 43 35 5 11 . 45 23 29 10 20 . 9 10 33 24 37 . 41 25 42 38 40 . 6 32 31 43 4 . 3 45 10 2 41 . 17 48 24 34 38 . 31 39 30 22 27 . 37 32 38 42 38 . 18 32 30 43 43
+1, 22 29 35 11 2 . 16 9 37 2 7 . 4 41 8 30 46 . 23 15 47 35 20 . 45 46 22 30 9 . 40 33 13 24 2 . 36 25 29 10 17 . 26 28 46 19 3 . 3 20 32 37 41 . 45 9 27 5 25 . 3 32 30 29 2 . 44 40 7 26 47 . 14 48 5 8 22 . 41 33 9 15 12 . 31 41 29 9 13 . 16 36 27 33 13 . 1 44 23 45 18 . 46 26 17 12 19 . 48 49 43 29 35 . 37 28 9 32 22 . 33 18 46 17 27 . 18 26 4 45 24 . 29 28 4 47 6 . 19 14 25 8 20 . 11 26 49 22 36 . 43 15 11 10 15 . 43 27 16 17 4 . 37 17 16 34 25 . 27 48 0 21 9 . 20 42 37 41 10
+1, 17 45 14 1 30 . 40 20 18 46 15 . 41 32 30 16 2 . 45 9 27 5 25 . 16 34 38 20 7 . 31 25 34 7 11 . 18 45 34 35 34 . 32 18 7 16 17 . 25 37 25 30 10 . 34 36 38 29 37 . 40 25 8 42 22 . 1 8 23 34 23 . 5 3 14 15 9 . 49 46 47 32 11 . 36 33 34 8 13 . 19 27 42 18 20 . 40 30 44 13 12 . 14 18 15 3 47 . 10 22 44 34 18 . 32 21 39 7 45 . 13 13 45 4 8 . 12 42 12 45 29 . 33 40 38 46 23 . 17 13 17 5 22 . 38 26 44 24 35 . 28 19 43 18 23 . 5 7 4 14 34 . 16 29 21 7 0 . 25 47 26 9 19 . 47 29 10 45 20
+1, 25 25 1 21 15 . 40 28 11 29 22 . 12 13 21 39 27 . 16 16 33 31 46 . 40 38 12 49 27 . 16 10 44 46 21 . 28 5 30 14 15 . 35 40 25 20 3 . 22 28 41 46 1 . 20 29 0 19 24 . 47 39 11 4 27 . 17 11 41 33 23 . 27 46 33 7 8 . 21 36 49 19 33 . 45 9 27 5 25 . 1 32 14 34 8 . 1 24 14 10 46 . 44 19 20 10 16 . 26 20 37 27 13 . 32 24 33 48 40 . 32 14 33 37 12 . 35 5 24 26 31 . 22 12 4 48 44 . 27 16 38 45 38 . 33 42 41 33 30 . 21 46 37 32 29 . 0 43 12 39 34 . 2 0 47 21 9 . 46 44 2 27 21 . 39 4 7 41 3
+1, 7 28 45 7 37 . 45 9 27 5 25 . 19 28 17 24 38 . 24 13 8 40 28 . 8 20 3 4 20 . 24 30 9 4 25 . 30 21 39 4 16 . 22 29 17 42 48 . 43 2 24 29 16 . 47 24 23 14 14 . 20 38 20 20 42 . 23 48 27 19 1 . 8 46 33 3 45 . 23 42 20 28 23 . 40 19 47 48 32 . 32 8 49 41 6 . 35 47 4 3 46 . 30 34 14 21 13 . 49 32 27 27 13 . 37 19 37 23 33 . 38 6 36 28 9 . 16 34 31 35 18 . 40 12 1 18 19 . 36 1 3 29 42 . 45 46 43 25 18 . 32 35 17 29 1 . 42 48 42 31 5 . 3 33 26 24 48 . 10 18 35 4 8 . 47 11 15 43 26
+1, 17 40 15 29 17 . 12 46 49 26 40 . 8 27 20 25 13 . 40 42 18 13 32 . 19 35 16 46 38 . 31 48 7 5 7 . 45 31 1 5 47 . 26 31 30 7 35 . 19 8 28 6 2 . 8 27 35 49 6 . 24 18 30 8 38 . 49 39 40 0 18 . 21 15 33 42 2 . 9 41 19 43 34 . 19 20 30 37 28 . 26 45 24 32 47 . 43 31 24 48 13 . 45 9 27 5 25 . 18 35 37 28 43 . 28 42 29 26 42 . 28 39 45 34 49 . 14 21 25 39 45 . 37 29 30 28 7 . 31 3 16 44 41 . 46 25 44 11 3 . 3 18 12 19 15 . 29 32 20 21 44 . 44 32 34 46 22 . 6 38 43 11 37 . 19 35 14 38 41
+1, 3 8 30 36 34 . 2 45 34 15 40 . 0 14 37 10 16 . 35 4 34 13 20 . 12 22 4 17 29 . 45 8 22 46 10 . 37 36 24 47 41 . 11 7 2 33 19 . 12 12 45 38 48 . 1 44 49 29 12 . 45 9 27 5 25 . 37 27 20 42 27 . 32 20 24 43 29 . 27 28 3 16 46 . 44 47 19 13 41 . 18 31 9 2 48 . 2 40 17 27 30 . 28 23 32 44 38 . 6 38 25 31 30 . 24 30 35 15 14 . 21 11 46 11 34 . 3 41 45 8 3 . 12 41 30 2 49 . 13 18 25 45 27 . 47 28 24 44 9 . 37 0 1 36 12 . 1 43 41 24 18 . 16 44 22 40 9 . 45 22 31 40 46 . 21 35 10 37 36
+1, 49 41 23 22 47 . 15 42 7 17 26 . 13 12 26 42 33 . 23 8 44 35 14 . 38 29 44 28 22 . 45 9 27 5 25 . 8 4 4 20 49 . 1 43 41 25 38 . 11 2 10 29 12 . 9 24 8 28 49 . 31 32 6 40 5 . 29 30 6 29 4 . 6 21 19 6 22 . 45 43 37 15 48 . 27 22 17 40 48 . 39 45 5 7 40 . 18 21 13 7 11 . 49 21 31 23 13 . 18 16 27 2 24 . 21 22 24 4 28 . 19 17 23 47 24 . 6 19 13 21 23 . 31 46 2 16 11 . 18 2 46 3 0 . 41 33 29 40 47 . 12 47 37 45 47 . 6 40 33 23 4 . 10 2 3 13 29 . 14 32 30 19 44 . 43 30 28 41 27
+1, 33 19 12 36 31 . 9 16 24 0 6 . 22 13 42 2 39 . 44 4 4 16 8 . 9 5 5 44 48 . 46 31 28 22 18 . 18 20 25 29 32 . 9 42 32 7 31 . 3 33 36 12 32 . 6 30 43 20 12 . 24 5 13 48 15 . 2 5 13 8 42 . 44 11 49 19 25 . 7 6 22 0 37 . 34 46 37 46 46 . 0 36 24 39 36 . 6 5 8 29 27 . 12 45 44 36 44 . 18 38 36 15 27 . 3 29 13 27 12 . 45 9 27 5 25 . 2 1 42 25 31 . 6 21 38 35 35 . 1 10 42 16 29 . 9 27 33 48 10 . 6 36 0 45 16 . 15 20 35 14 37 . 18 36 37 40 20 . 43 33 7 13 33 . 12 19 0 15 43
+1, 35 36 2 4 34 . 26 24 47 27 35 . 32 16 48 3 23 . 35 29 44 17 36 . 44 2 29 32 39 . 7 35 42 18 6 . 5 3 20 42 17 . 31 21 32 24 46 . 17 9 44 34 36 . 37 25 28 34 38 . 20 40 37 38 2 . 33 35 19 19 27 . 24 45 1 11 39 . 6 2 20 21 48 . 7 21 42 9 11 . 39 1 14 9 0 . 9 31 8 19 11 . 43 44 17 20 40 . 15 44 15 14 33 . 24 22 9 33 42 . 45 9 27 5 25 . 34 8 9 30 41 . 30 49 22 21 48 . 13 2 0 38 26 . 12 12 10 10 17 . 30 32 27 40 42 . 13 33 16 30 9 . 7 9 36 1 41 . 16 24 35 10 48 . 45 38 34 17 33
+1, 45 38 33 27 2 . 20 37 23 9 36 . 7 22 23 2 22 . 26 1 23 4 25 . 41 12 17 36 49 . 28 22 38 7 31 . 26 42 33 40 42 . 2 16 4 47 13 . 10 23 47 16 24 . 36 27 13 24 10 . 17 2 27 22 39 . 30 28 48 16 38 . 1 12 30 30 20 . 43 1 29 7 39 . 38 2 20 38 46 . 5 46 18 4 40 . 13 26 18 16 43 . 9 36 22 14 0 . 41 11 44 18 13 . 7 19 47 47 23 . 45 9 27 5 25 . 24 5 42 10 46 . 11 21 40 33 15 . 34 6 5 48 24 . 25 41 40 11 17 . 0 27 42 1 28 . 12 13 7 32 24 . 32 6 5 48 12 . 22 35 29 4 17 . 16 45 26 23 1
+1, 22 8 15 35 25 . 46 23 38 20 33 . 3 43 2 37 41 . 41 45 13 4 35 . 9 27 43 22 40 . 32 31 32 30 37 . 0 41 29 39 33 . 4 31 1 47 23 . 48 32 17 27 43 . 17 6 48 35 33 . 37 21 19 33 19 . 14 43 41 17 10 . 5 3 7 11 20 . 19 25 33 17 2 . 39 16 47 13 11 . 35 26 40 30 5 . 0 23 40 38 6 . 20 46 45 12 36 . 45 9 27 5 25 . 41 0 25 31 47 . 8 10 30 39 3 . 36 45 4 17 29 . 31 12 21 22 34 . 34 9 47 28 38 . 17 23 35 25 26 . 21 33 14 20 47 . 48 24 16 25 45 . 9 4 36 15 13 . 15 22 37 34 15 . 44 22 11 11 1
+1, 26 23 29 38 15 . 43 32 3 48 10 . 46 48 13 22 49 . 43 23 6 27 10 . 9 22 39 5 17 . 24 49 11 37 24 . 24 43 40 41 16 . 45 7 41 28 5 . 4 47 20 31 5 . 40 24 34 46 3 . 27 31 10 31 37 . 29 25 27 9 11 . 9 26 43 20 39 . 45 9 27 5 25 . 7 1 46 6 42 . 48 39 0 9 11 . 38 40 23 22 10 . 31 7 13 36 38 . 46 37 28 21 10 . 27 19 27 43 13 . 17 35 42 39 26 . 47 26 18 5 36 . 41 14 1 39 19 . 24 0 13 32 11 . 1 6 25 24 2 . 21 31 1 27 9 . 39 41 37 45 11 . 12 4 49 39 14 . 48 47 2 20 11 . 36 40 47 3 23
+1, 7 34 7 15 16 . 15 28 17 23 41 . 43 15 32 33 42 . 8 29 43 45 11 . 41 33 24 48 7 . 16 9 9 44 21 . 49 26 17 24 8 . 18 29 26 36 40 . 17 20 11 23 47 . 17 48 16 32 0 . 32 9 47 42 14 . 35 13 22 12 18 . 9 25 9 15 33 . 3 15 45 12 33 . 45 9 27 5 25 . 5 14 14 29 10 . 30 13 8 28 4 . 15 18 13 30 37 . 26 20 17 29 1 . 12 30 44 30 39 . 0 49 18 8 14 . 2 19 30 39 24 . 1 28 7 34 5 . 5 1 11 31 2 . 38 14 15 43 39 . 25 19 42 20 32 . 7 39 37 45 20 . 25 27 27 30 14 . 29 19 9 27 5 . 18 15 19 36 10
+1, 15 40 10 15 12 . 41 15 7 48 44 . 48 43 9 31 17 . 28 17 3 43 3 . 15 45 0 13 21 . 30 6 45 29 28 . 22 8 5 30 39 . 4 10 1 35 3 . 7 12 8 37 14 . 43 8 34 29 26 . 22 12 35 2 32 . 32 45 29 1 18 . 31 1 32 37 6 . 27 30 29 18 39 . 22 10 1 15 35 . 47 34 32 30 22 . 5 43 37 30 37 . 7 38 48 9 20 . 17 2 44 47 0 . 14 49 31 13 49 . 23 15 21 26 29 . 6 41 7 29 34 . 41 30 12 8 32 . 36 6 12 4 9 . 4 24 35 15 37 . 45 9 27 5 25 . 44 41 39 45 0 . 31 41 23 42 29 . 29 21 24 44 34 . 18 20 45 13 6
+1, 1 14 45 8 38 . 27 32 46 28 8 . 7 46 35 4 48 . 28 33 42 4 27 . 26 3 20 16 9 . 1 1 13 15 13 . 18 28 16 18 10 . 14 6 25 46 5 . 16 25 37 44 28 . 5 13 5 27 27 . 16 25 21 2 19 . 1 48 21 45 18 . 43 32 7 35 30 . 45 26 13 36 5 . 47 43 17 14 1 . 10 29 36 21 34 . 28 36 32 41 37 . 45 9 27 5 25 . 29 41 3 27 47 . 32 33 23 22 38 . 44 25 40 28 23 . 49 11 48 21 10 . 24 39 28 41 42 . 41 15 26 46 48 . 6 14 8 13 31 . 15 1 32 27 15 . 1 10 23 3 34 . 24 11 13 4 5 . 33 24 12 28 38 . 6 33 12 10 19
+1, 21 45 17 16 10 . 29 45 10 1 43 . 3 32 31 0 39 . 49 15 36 39 13 . 35 14 23 43 46 . 5 25 26 15 22 . 39 32 37 29 38 . 4 49 6 27 24 . 2 25 15 5 18 . 21 18 25 32 29 . 38 35 22 15 34 . 17 20 2 39 17 . 41 41 45 6 0 . 24 10 41 34 21 . 17 18 0 44 43 . 48 6 47 9 36 . 31 36 37 36 21 . 0 30 13 42 24 . 49 34 36 18 2 . 46 4 26 43 24 . 30 37 15 32 5 . 25 33 18 40 42 . 12 38 10 14 14 . 46 11 5 16 12 . 27 33 7 38 18 . 39 25 47 42 32 . 37 19 31 30 29 . 45 11 20 26 45 . 22 45 35 40 13 . 45 9 27 5 25
+1, 22 15 25 2 18 . 30 18 27 21 26 . 16 48 24 16 37 . 20 40 16 30 2 . 39 15 35 8 23 . 18 36 49 33 33 . 48 33 7 30 35 . 17 11 28 28 41 . 37 0 37 26 49 . 8 38 25 16 33 . 2 30 2 1 44 . 26 3 33 23 17 . 6 22 48 19 48 . 5 32 17 42 14 . 16 49 24 11 37 . 45 28 22 34 1 . 35 21 11 10 38 . 31 29 47 12 28 . 24 13 48 48 29 . 31 46 31 43 36 . 33 16 28 25 42 . 44 15 6 12 32 . 45 9 27 5 25 . 17 30 24 4 15 . 15 36 19 42 8 . 1 5 18 38 11 . 19 48 32 15 1 . 15 34 40 9 2 . 12 37 41 37 42 . 44 8 25 25 6
+1, 14 17 39 5 10 . 33 32 11 40 12 . 15 39 22 13 44 . 35 26 46 0 38 . 8 26 17 27 41 . 32 33 9 13 24 . 33 2 19 21 11 . 45 9 27 5 25 . 34 10 43 15 0 . 28 37 40 22 27 . 1 14 46 16 15 . 37 19 19 31 45 . 28 14 30 5 6 . 40 48 34 34 27 . 14 7 18 45 44 . 46 1 18 43 10 . 41 35 3 13 47 . 16 24 13 49 37 . 17 18 30 18 29 . 4 11 23 7 39 . 18 45 31 5 35 . 5 9 17 0 9 . 27 43 9 8 33 . 30 39 39 49 23 . 32 40 2 48 40 . 2 5 47 14 29 . 17 34 3 1 26 . 28 14 20 14 21 . 14 46 28 34 38 . 33 35 32 0 33
+1, 10 35 45 7 4 . 35 4 49 6 4 . 16 32 16 38 19 . 32 29 23 15 48 . 31 36 27 22 33 . 13 26 38 2 38 . 42 47 20 28 47 . 32 42 46 18 6 . 6 42 1 14 46 . 5 33 43 33 2 . 24 2 33 2 32 . 16 0 24 25 31 . 6 34 38 46 36 . 13 0 8 35 19 . 20 45 29 22 1 . 0 32 22 43 34 . 21 6 25 3 30 . 16 7 32 8 44 . 23 22 24 38 22 . 10 47 8 48 30 . 45 9 27 5 25 . 29 32 45 49 0 . 40 34 48 16 30 . 18 47 26 35 30 . 47 29 8 22 33 . 26 16 48 11 33 . 45 43 21 30 5 . 27 2 42 34 27 . 39 32 38 3 43 . 1 47 48 35 15
+1, 46 12 22 40 16 . 32 31 39 43 18 . 34 29 46 34 12 . 45 9 27 5 25 . 31 26 9 8 23 . 5 0 31 18 14 . 6 42 43 49 43 . 12 13 9 1 16 . 30 7 47 7 14 . 1 6 24 16 13 . 17 15 8 21 41 . 19 39 15 20 12 . 35 10 40 41 23 . 40 9 0 2 40 . 43 49 13 49 48 . 5 7 43 6 15 . 19 16 5 9 48 . 9 28 11 34 30 . 40 41 11 8 44 . 47 48 29 14 12 . 41 24 25 49 14 . 14 44 16 16 24 . 47 16 4 6 47 . 38 24 0 1 41 . 0 8 40 16 14 . 28 12 48 18 41 . 29 6 41 24 23 . 25 39 4 21 39 . 14 23 6 27 7 . 37 8 14 24 19
+1, 17 11 43 37 13 . 33 47 28 0 28 . 43 43 15 3 24 . 39 20 1 3 20 . 28 27 47 6 8 . 6 37 3 45 27 . 14 2 44 0 20 . 46 27 49 36 45 . 3 34 16 4 3 . 33 4 20 20 9 . 45 9 27 5 25 . 12 12 44 36 2 . 0 4 7 11 14 . 16 2 37 33 31 . 27 23 23 0 12 . 44 35 26 44 31 . 13 42 37 40 12 . 1 6 33 22 49 . 12 48 42 1 16 . 43 37 47 44 6 . 4 19 39 1 32 . 8 43 9 29 30 . 6 30 20 35 4 . 8 41 22 38 19 . 4 0 29 28 19 . 37 34 8 39 24 . 40 33 20 17 29 . 15 43 32 41 25 . 20 44 10 34 42 . 5 30 43 32 22
+1, 43 20 16 5 10 . 35 26 2 28 15 . 45 9 27 5 25 . 47 30 13 0 5 . 42 26 43 14 12 . 35 1 3 36 17 . 15 43 23 38 13 . 48 14 47 34 5 . 18 20 22 23 27 . 10 46 8 26 30 . 12 30 13 33 11 . 21 39 37 10 25 . 39 17 5 44 37 . 30 36 26 5 43 . 45 35 9 15 47 . 40 46 26 49 36 . 17 37 8 37 41 . 29 12 15 46 33 . 23 28 24 45 37 . 8 36 14 46 3 . 2 21 47 43 30 . 3 40 48 15 13 . 15 36 47 5 31 . 45 23 15 36 13 . 13 0 9 20 24 . 9 41 45 41 6 . 34 1 18 48 42 . 40 28 46 12 25 . 16 1 20 28 4 . 10 5 9 44 20
+1, 45 9 27 5 25 . 17 9 32 41 22 . 11 39 2 44 24 . 30 45 18 45 17 . 27 9 33 33 22 . 41 5 11 34 23 . 42 37 0 8 43 . 35 7 26 32 9 . 24 19 48 47 38 . 2 39 22 11 8 . 18 32 15 43 34 . 1 28 46 11 46 . 47 5 9 11 12 . 38 33 25 9 40 . 37 42 12 33 28 . 37 43 47 11 3 . 37 19 0 1 26 . 28 35 6 0 1 . 6 0 29 28 0 . 42 48 48 1 34 . 9 2 7 13 27 . 15 20 46 2 3 . 30 20 16 27 47 . 36 6 12 49 45 . 32 13 1 31 33 . 22 31 41 4 46 . 35 9 45 23 42 . 14 42 13 30 14 . 18 21 9 14 43 . 12 40 11 0 31
+1, 34 8 21 37 5 . 10 48 27 34 9 . 39 17 11 40 11 . 8 37 26 29 9 . 0 41 16 5 8 . 44 8 40 20 3 . 26 15 30 11 26 . 22 13 14 41 47 . 35 43 29 36 22 . 6 15 37 41 13 . 8 30 43 40 46 . 21 2 2 17 3 . 9 17 3 1 10 . 0 37 37 13 48 . 44 1 16 7 42 . 5 27 43 1 24 . 11 35 46 8 19 . 45 9 27 5 25 . 25 9 48 13 25 . 18 5 33 3 14 . 40 31 47 42 29 . 40 44 1 39 13 . 28 5 49 20 40 . 45 36 18 40 39 . 41 26 25 21 37 . 33 37 43 21 10 . 0 8 38 49 6 . 8 30 5 17 16 . 26 27 18 34 18 . 16 18 7 16 8
+1, 1 7 4 35 21 . 20 0 32 23 14 . 12 26 49 40 49 . 28 1 9 2 46 . 24 25 34 6 8 . 6 11 42 27 12 . 45 9 27 5 25 . 16 42 14 1 36 . 9 11 24 18 4 . 29 23 12 4 34 . 29 24 45 12 12 . 30 44 27 46 30 . 23 21 47 26 20 . 44 2 46 20 29 . 46 35 43 25 28 . 20 41 43 24 13 . 26 7 21 34 42 . 14 40 47 16 20 . 41 32 31 17 15 . 48 26 36 5 36 . 41 7 25 12 36 . 35 34 30 46 28 . 45 8 28 43 23 . 2 43 41 34 36 . 11 26 26 35 26 . 47 17 44 1 44 . 46 48 17 41 9 . 35 38 15 12 37 . 21 5 14 31 24 . 15 11 21 5 25
-1, 37 10 38 38 27 . 9 36 24 28 20 . 31 47 40 1 40 . 33 14 23 42 3 . 10 49 33 10 2 . 18 32 21 32 28 . 37 2 39 42 23 . 37 37 27 3 27 . 43 44 11 16 21 . 29 37 0 16 31 . 29 5 20 29 17 . 44 25 10 37 49 . 40 26 17 18 12 . 22 7 8 42 4 . 2 18 32 30 5 . 20 15 10 43 32 . 1 47 3 19 48 . 38 40 18 29 20 . 36 29 23 24 20 . 13 13 11 48 35 . 45 41 12 18 26 . 43 19 40 10 49 . 7 28 9 17 29 . 6 17 28 27 26 . 24 32 46 14 17 . 4 39 16 6 25 . 38 4 32 42 22 . 31 48 1 16 23 . 23 3 43 31 31 . 6 10 23 9 35
-1, 2 1 29 38 40 . 15 33 0 35 43 . 12 41 20 16 9 . 44 15 23 25 34 . 8 48 7 46 18 . 29 44 19 22 16 . 12 25 46 35 10 . 45 29 22 5 6 . 41 48 42 1 23 . 38 27 48 20 40 . 5 2 21 42 26 . 27 13 21 22 9 . 27 48 2 35 35 . 32 43 39 12 19 . 28 48 45 1 29 . 48 21 12 13 40 . 37 47 38 24 9 . 9 33 0 28 35 . 11 1 5 33 22 . 47 27 4 45 26 . 34 4 14 19 4 . 26 42 24 20 40 . 3 8 7 43 12 . 16 44 17 31 33 . 14 2 44 4 13 . 26 41 10 24 11 . 38 45 16 23 41 . 43 13 34 36 42 . 1 31 7 36 47 . 28 44 36 35 3
-1, 42 11 46 19 18 . 21 3 49 40 20 . 35 44 8 17 45 . 41 48 4 44 19 . 12 42 28 32 25 . 1 37 33 49 33 . 27 9 30 31 39 . 31 22 38 7 34 . 47 48 13 42 28 . 21 19 17 0 22 . 41 18 27 28 47 . 36 8 25 20 14 . 39 4 48 35 7 . 47 43 33 21 48 . 22 30 33 45 0 . 5 46 10 43 41 . 38 21 36 28 3 . 41 36 12 29 31 . 44 14 46 21 25 . 16 32 33 47 18 . 37 4 11 42 32 . 42 3 19 36 18 . 17 5 28 11 41 . 33 8 45 10 28 . 6 4 44 19 47 . 43 5 5 42 47 . 24 30 49 32 2 . 42 3 35 9 8 . 2 36 0 25 16 . 33 13 30 37 41
-1, 14 43 49 16 9 . 48 10 20 44 1 . 47 24 43 38 42 . 38 32 37 5 47 . 17 28 34 14 31 . 5 3 17 28 7 . 3 20 36 17 27 . 37 44 31 9 0 . 4 20 43 14 36 . 25 29 34 3 40 . 9 38 46 13 16 . 23 48 35 35 29 . 24 20 29 44 13 . 1 10 38 13 5 . 0 26 27 27 39 . 5 45 33 6 7 . 20 21 11 21 8 . 21 11 22 8 45 . 28 3 40 28 5 . 16 29 33 35 45 . 34 12 8 30 39 . 24 42 11 29 39 . 20 45 27 6 8 . 5 1 7 42 0 . 46 35 38 45 5 . 38 16 8 18 26 . 15 18 46 36 5 . 17 18 39 15 20 . 29 45 41 36 48 . 47 47 49 4 46
-1, 32 19 27 33 3 . 0 43 14 0 38 . 5 6 7 7 8 . 28 0 12 20 20 . 34 11 39 13 32 . 18 8 45 28 15 . 1 32 14 7 43 . 42 27 41 9 14 . 39 7 33 6 10 . 36 4 47 0 39 . 30 37 46 7 40 . 9 39 23 4 49 . 8 46 36 47 10 . 6 47 28 24 21 . 0 28 7 32 9 . 0 38 2 42 42 . 13 27 14 19 43 . 15 26 10 19 14 . 47 8 31 20 14 . 29 4 27 3 30 . 5 21 20 33 46 . 22 39 47 7 43 . 23 30 6 21 28 . 31 8 5 2 26 . 45 39 10 42 40 . 29 34 20 8 37 . 26 18 37 47 14 . 21 17 46 4 21 . 36 11 5 3 23 . 38 1 33 13 36
-1, 13 37 34 23 8 . 46 28 40 18 21 . 31 0 37 25 9 . 1 36 6 24 32 . 0 13 16 14 27 . 1 46 10 17 29 . 39 20 42 41 44 . 5 31 48 37 4 . 27 17 8 5 40 . 30 36 40 39 18 . 4 6 36 49 27 . 28 31 12 6 19 . 10 27 32 40 26 . 3 47 2 37 3 . 4 3 1 48 13 . 6 39 32 39 19 . 34 44 17 46 16 . 39 22 38 8 19 . 5 44 13 16 20 . 10 7 26 41 10 . 40 12 9 24 29 . 13 25 1 45 45 . 46 31 34 49 9 . 26 19 15 4 18 . 31 42 20 29 34 . 46 35 12 45 18 . 37 8 16 30 49 . 22 2 41 34 16 . 19 36 12 31 32 . 1 45 33 0 17
-1, 9 34 40 36 44 . 37 38 3 33 29 . 9 6 46 32 18 . 17 29 33 4 26 . 12 38 3 28 41 . 3 41 23 42 34 . 10 11 4 7 31 . 36 7 11 32 42 . 21 40 20 10 17 . 10 26 34 48 49 . 17 32 2 40 5 . 45 25 37 20 12 . 22 29 26 42 41 . 30 5 4 34 49 . 44 46 19 30 8 . 10 30 46 10 5 . 12 39 31 11 47 . 34 35 2 47 25 . 19 1 1 33 15 . 2 28 36 23 33 . 19 0 39 17 34 . 46 4 41 29 23 . 42 38 41 12 34 . 9 32 48 21 17 . 16 5 32 31 49 . 46 2 27 37 13 . 25 46 37 33 47 . 13 26 19 31 28 . 13 44 9 42 10 . 29 37 28 21 32
-1, 20 20 32 18 11 . 28 42 5 16 21 . 45 49 26 16 1 . 10 39 34 36 40 . 39 39 36 49 17 . 5 45 23 14 9 . 35 19 16 30 43 . 0 29 21 13 9 . 5 28 45 28 33 . 45 10 2 10 18 . 1 28 30 33 39 . 39 43 1 6 23 . 44 45 2 41 6 . 29 16 8 45 31 . 40 40 42 38 10 . 26 38 1 34 23 . 19 11 15 23 15 . 33 30 2 31 32 . 19 48 47 23 42 . 46 7 1 39 46 . 1 49 12 6 32 . 47 44 17 30 39 . 12 4 15 37 29 . 32 24 31 41 14 . 25 49 4 30 27 . 48 12 24 21 15 . 1 28 13 3 8 . 7 16 31 20 47 . 42 34 25 47 27 . 23 9 10 9 12
-1, 43 32 49 15 24 . 6 41 14 10 20 . 18 42 40 30 21 . 41 18 35 5 15 . 41 45 0 11 1 . 19 43 32 4 23 . 27 7 5 24 43 . 35 2 10 40 38 . 24 10 3 24 46 . 0 29 30 38 7 . 2 15 39 48 8 . 10 19 19 11 37 . 37 39 11 29 39 . 20 25 24 37 30 . 47 49 14 30 35 . 7 42 3 30 49 . 18 32 10 48 39 . 33 47 41 38 49 . 44 14 43 38 29 . 5 10 18 23 13 . 38 36 46 22 26 . 26 7 15 40 29 . 25 29 33 3 27 . 13 31 0 5 5 . 31 24 36 33 38 . 16 5 11 35 45 . 11 1 18 46 24 . 27 16 18 31 34 . 45 14 22 29 48 . 38 27 0 36 0
-1, 37 25 36 40 18 . 24 10 10 43 5 . 5 38 38 13 48 . 7 40 40 31 40 . 36 26 17 31 37 . 41 13 45 3 1 . 17 6 17 36 17 . 2 14 19 48 48 . 4 43 6 30 46 . 24 4 16 49 43 . 2 40 17 48 13 . 22 42 26 42 39 . 39 2 30 22 28 . 14 5 0 0 33 . 20 7 23 17 21 . 6 17 30 37 32 . 45 45 22 11 21 . 4 3 8 47 4 . 8 14 36 13 14 . 36 15 40 24 46 . 17 43 35 4 30 . 26 27 10 4 43 . 4 28 48 48 9 . 30 27 33 8 49 . 20 17 13 34 5 . 12 44 21 29 20 . 48 29 23 32 14 . 32 33 20 25 31 . 15 3 13 14 21 . 23 25 19 38 43
-1, 40 28 39 16 31 . 7 3 24 5 48 . 7 41 22 0 7 . 20 20 31 5 22 . 5 32 3 14 34 . 18 5 31 11 31 . 18 39 34 49 10 . 4 2 41 31 16 . 11 13 2 31 31 . 23 4 21 24 40 . 14 7 22 36 38 . 7 41 35 4 42 . 45 27 26 44 32 . 20 29 23 20 45 . 32 18 34 36 9 . 32 3 24 6 9 . 7 19 9 22 19 . 27 16 35 26 0 . 36 16 2 9 21 . 27 21 34 24 27 . 27 25 29 48 35 . 19 2 5 43 48 . 30 28 21 0 13 . 26 6 48 8 12 . 0 9 35 31 8 . 24 30 22 48 26 . 28 19 25 23 18 . 13 13 14 11 36 . 19 29 43 29 40 . 18 10 17 36 1
-1, 30 30 6 12 20 . 8 0 33 28 39 . 44 28 24 42 3 . 31 7 43 5 41 . 39 14 30 47 31 . 8 17 43 4 38 . 18 28 36 48 42 . 22 36 10 9 6 . 42 40 6 41 27 . 45 25 29 23 45 . 37 7 40 10 16 . 30 23 5 15 12 . 47 36 5 10 45 . 12 44 6 42 41 . 5 14 17 36 3 . 11 21 16 32 30 . 26 0 23 40 27 . 13 37 48 10 3 . 10 6 42 28 2 . 24 45 22 15 15 . 32 44 4 35 42 . 10 6 36 13 32 . 13 20 30 11 6 . 40 12 17 7 38 . 32 23 26 33 31 . 15 13 38 36 34 . 49 21 38 24 41 . 26 2 36 39 17 . 24 14 15 34 24 . 0 38 16 19 39
-1, 42 33 41 19 17 . 20 42 26 22 1 . 5 26 44 22 20 . 23 18 39 16 42 . 2 45 23 9 11 . 18 46 18 17 6 . 27 30 38 43 28 . 48 12 23 0 10 . 32 10 46 39 16 . 22 37 25 18 23 . 12 22 10 30 25 . 44 19 24 28 28 . 19 20 9 14 41 . 16 42 9 44 2 . 6 18 24 25 30 . 25 19 2 38 34 . 26 32 34 14 17 . 10 23 7 9 41 . 17 0 14 21 32 . 7 45 8 13 25 . 41 18 35 24 6 . 38 26 43 1 10 . 42 47 27 49 48 . 18 26 36 38 48 . 19 49 13 16 43 . 17 10 22 11 18 . 31 35 17 19 46 . 47 48 39 46 3 . 38 42 43 20 39 . 15 37 47 12 24
-1, 49 9 19 10 31 . 36 34 34 31 0 . 36 16 26 25 16 . 38 7 21 8 6 . 41 5 11 5 37 . 10 27 13 28 40 . 15 9 34 40 35 . 8 0 14 37 6 . 5 35 10 45 19 . 42 39 22 38 42 . 44 0 36 10 36 . 28 25 16 8 49 . 39 26 14 0 31 . 30 41 41 35 19 . 17 40 47 0 39 . 48 0 10 10 14 . 1 35 45 40 31 . 34 6 32 23 38 . 39 46 36 27 40 . 48 4 13 5 0 . 17 32 4 9 45 . 2 35 15 25 23 . 31 0 26 10 14 . 46 18 44 18 19 . 27 34 10 45 21 . 21 48 34 9 27 . 21 22 14 34 13 . 28 42 22 31 24 . 6 39 16 35 46 . 23 6 2 30 6
-1, 31 9 29 14 18 . 45 15 10 4 31 . 10 28 8 46 13 . 33 36 19 31 24 . 25 10 39 38 39 . 30 36 19 30 4 . 36 5 19 29 6 . 25 6 17 6 9 . 2 19 11 7 27 . 1 13 32 19 0 . 44 21 46 4 5 . 26 40 24 7 14 . 29 17 11 11 11 . 30 6 45 5 40 . 24 10 14 36 27 . 34 35 27 25 1 . 42 19 14 27 0 . 35 4 16 19 44 . 9 11 7 45 18 . 9 6 25 14 38 . 21 47 43 44 21 . 45 33 27 43 28 . 14 29 46 5 11 . 2 1 30 17 19 . 14 40 36 36 6 . 12 40 14 30 26 . 9 33 28 47 2 . 49 5 39 19 40 . 17 47 41 5 42 . 15 5 26 45 12
-1, 16 9 20 47 0 . 37 42 31 22 3 . 38 28 40 25 14 . 44 20 34 15 28 . 45 37 21 5 29 . 9 29 18 32 30 . 2 21 12 16 1 . 49 42 15 5 41 . 2 11 49 9 33 . 10 28 11 12 9 . 27 42 20 46 39 . 30 36 46 8 10 . 6 41 48 38 49 . 40 30 24 48 25 . 6 3 33 0 36 . 33 17 34 41 20 . 20 47 34 23 25 . 48 26 7 35 48 . 33 43 34 45 27 . 19 16 43 8 36 . 27 33 7 28 42 . 29 39 28 6 16 . 21 8 28 49 33 . 9 47 8 13 9 . 22 22 2 23 1 . 44 2 18 31 46 . 0 26 41 34 0 . 1 8 26 6 18 . 34 41 38 48 19 . 30 4 34 25 32
-1, 12 30 44 48 27 . 6 30 29 15 0 . 23 36 18 44 28 . 33 13 17 16 42 . 43 14 41 14 43 . 20 45 35 31 9 . 30 0 30 23 48 . 7 23 32 39 16 . 35 40 22 11 24 . 34 44 32 20 31 . 12 18 42 30 22 . 17 28 35 24 34 . 32 32 24 3 36 . 49 11 45 31 20 . 40 24 44 31 13 . 43 37 8 24 34 . 40 12 33 34 37 . 19 27 10 21 23 . 19 35 29 45 41 . 45 14 45 40 5 . 35 17 34 22 28 . 4 48 32 4 6 . 4 29 25 48 2 . 8 30 38 46 30 . 8 23 3 6 2 . 18 40 29 23 23 . 44 48 13 3 44 . 1 41 44 22 38 . 3 29 31 3 30 . 4 49 25 31 15
-1, 23 42 35 36 32 . 46 32 4 35 22 . 49 49 28 38 47 . 6 1 12 41 34 . 16 29 43 37 1 . 31 13 0 48 46 . 6 38 12 25 25 . 22 18 26 14 37 . 32 35 0 35 49 . 0 30 4 37 48 . 3 43 15 7 49 . 27 15 1 6 17 . 32 19 4 19 0 . 31 48 47 16 1 . 1 25 16 41 9 . 14 44 27 17 47 . 46 3 9 24 20 . 3 3 45 11 18 . 22 4 31 27 9 . 5 33 3 32 41 . 41 38 35 27 2 . 38 10 21 30 38 . 13 24 25 19 21 . 10 39 9 24 14 . 16 19 47 1 24 . 43 11 9 15 34 . 40 46 20 43 30 . 23 35 10 26 31 . 15 17 40 45 45 . 34 24 34 26 25
-1, 29 46 4 39 48 . 26 5 0 21 48 . 40 36 8 27 28 . 19 13 25 35 12 . 46 47 28 5 43 . 25 18 28 20 26 . 40 21 40 4 28 . 42 25 34 40 44 . 0 46 40 17 40 . 39 13 28 10 26 . 47 48 34 48 37 . 41 7 33 12 47 . 12 17 49 25 8 . 11 34 3 43 45 . 1 33 29 25 29 . 46 39 16 5 29 . 27 47 11 47 20 . 38 12 31 38 20 . 2 23 18 49 3 . 19 12 29 27 48 . 26 22 0 18 15 . 28 19 29 47 35 . 36 29 36 2 29 . 39 0 5 48 15 . 1 49 1 15 15 . 47 28 19 43 13 . 46 46 27 42 30 . 20 24 29 25 10 . 32 47 37 26 29 . 15 43 35 5 2
-1, 49 26 7 2 1 . 12 47 21 6 31 . 2 23 39 36 14 . 17 6 26 37 0 . 33 16 47 36 33 . 33 10 38 41 29 . 2 30 10 30 13 . 44 4 30 22 26 . 20 26 42 41 41 . 15 40 38 25 25 . 12 30 32 20 4 . 33 18 20 49 16 . 38 6 17 10 34 . 1 19 7 37 41 . 8 9 29 40 35 . 6 34 9 5 42 . 26 13 19 23 24 . 41 30 14 45 43 . 0 35 17 8 4 . 5 1 16 9 13 . 23 49 12 4 8 . 11 44 17 11 4 . 17 34 17 29 32 . 23 35 25 36 44 . 10 28 9 27 32 . 28 19 25 40 32 . 15 36 19 11 13 . 37 2 21 4 28 . 31 27 26 6 1 . 46 49 25 17 35
-1, 33 45 37 48 49 . 6 5 49 33 41 . 24 21 6 13 36 . 19 11 24 35 20 . 15 11 27 22 26 . 4 0 19 32 15 . 11 27 31 46 5 . 1 14 40 41 40 . 47 27 13 36 36 . 21 8 25 23 38 . 20 38 34 43 18 . 29 15 17 29 25 . 8 42 37 24 21 . 18 45 24 34 23 . 13 29 18 14 8 . 48 24 49 19 12 . 14 22 4 25 1 . 41 4 3 35 7 . 30 7 41 30 25 . 20 35 4 9 44 . 43 20 10 4 4 . 5 34 2 1 14 . 3 10 2 29 10 . 10 37 33 24 13 . 16 8 49 16 46 . 26 39 24 46 30 . 38 19 5 44 0 . 41 45 9 40 49 . 21 3 4 44 23 . 32 24 40 44 36
-1, 1 40 25 20 9 . 5 7 17 26 43 . 32 21 19 19 22 . 47 23 8 20 25 . 41 2 0 38 18 . 12 18 3 3 36 . 2 27 7 47 9 . 18 38 9 17 46 . 3 21 3 39 44 . 44 35 2 29 41 . 0 10 9 1 0 . 38 28 8 31 35 . 0 10 32 36 40 . 3 33 20 29 1 . 37 27 47 35 29 . 11 32 22 13 16 . 7 28 0 23 45 . 21 44 23 19 29 . 2 29 19 39 2 . 5 21 3 49 3 . 8 5 25 10 9 . 42 25 41 13 8 . 16 42 23 37 43 . 0 16 46 3 47 . 29 3 28 42 29 . 24 18 26 15 10 . 47 16 44 49 30 . 38 2 30 49 47 . 35 49 16 32 5 . 30 44 1 26 12
-1, 21 19 4 11 23 . 13 29 6 26 26 . 16 22 1 33 23 . 16 10 3 31 22 . 6 10 34 0 32 . 19 43 25 35 29 . 44 44 33 9 38 . 37 40 3 44 18 . 47 43 37 20 11 . 40 20 22 31 23 . 36 21 33 21 28 . 0 24 32 49 31 . 1 43 19 37 34 . 1 5 27 12 13 . 20 33 42 8 11 . 1 18 16 3 21 . 25 21 31 28 10 . 31 9 36 3 3 . 44 32 0 42 9 . 12 49 40 25 18 . 45 39 25 17 43 . 42 36 37 19 49 . 14 40 31 3 31 . 8 4 28 45 18 . 16 37 1 7 49 . 32 22 33 13 8 . 13 15 4 4 9 . 9 39 0 11 6 . 27 23 1 19 20 . 20 8 1 23 33
-1, 33 22 49 35 7 . 11 6 1 49 21 . 25 2 0 35 37 . 35 17 7 31 24 . 31 23 16 18 30 . 43 14 16 14 12 . 31 32 4 21 30 . 29 4 18 11 6 . 29 26 25 25 19 . 6 15 4 34 48 . 19 38 3 40 34 . 14 40 18 2 34 . 38 15 13 36 41 . 28 45 35 13 27 . 33 3 45 33 26 . 7 9 31 3 37 . 2 31 46 8 46 . 38 47 44 25 47 . 49 33 2 12 24 . 34 0 44 29 30 . 40 38 38 16 25 . 49 41 41 15 30 . 44 47 13 26 6 . 6 37 27 17 7 . 32 43 13 37 8 . 11 46 32 23 9 . 49 23 31 29 36 . 22 12 12 40 27 . 39 25 14 27 33 . 24 39 48 28 27
-1, 46 4 1 14 49 . 5 29 48 49 8 . 49 34 46 9 31 . 22 21 21 10 11 . 46 5 40 28 47 . 41 17 26 47 30 . 9 37 41 7 5 . 21 4 35 19 41 . 49 38 23 42 18 . 5 11 49 35 46 . 20 40 36 41 4 . 22 19 14 45 35 . 46 35 32 36 17 . 13 23 18 8 9 . 13 17 11 35 5 . 26 6 13 48 21 . 44 12 16 31 16 . 7 39 3 9 37 . 36 44 1 47 35 . 38 42 31 42 0 . 10 1 10 14 29 . 21 10 17 8 23 . 8 8 42 37 17 . 8 20 26 27 16 . 34 1 32 16 20 . 10 30 26 42 4 . 37 47 46 1 48 . 48 26 38 16 26 . 45 33 13 23 39 . 12 38 3 18 10
-1, 11 14 49 1 20 . 8 4 48 42 3 . 18 27 16 31 7 . 37 9 43 19 16 . 47 12 38 23 26 . 8 21 48 4 16 . 26 7 7 35 35 . 7 3 30 46 20 . 3 26 17 20 18 . 16 34 6 36 29 . 4 15 6 47 4 . 17 29 46 22 29 . 17 40 10 8 45 . 2 0 25 25 35 . 2 31 17 26 7 . 45 10 40 19 43 . 31 32 41 29 42 . 0 15 15 49 7 . 20 16 4 1 1 . 39 16 20 47 19 . 34 35 49 45 43 . 35 27 37 25 20 . 9 4 28 5 34 . 41 24 16 43 20 . 7 30 11 28 49 . 47 37 10 0 32 . 36 0 17 14 40 . 12 35 26 9 18 . 44 13 40 41 34 . 33 29 7 34 6
-1, 38 39 28 5 33 . 10 29 49 41 44 . 43 20 1 9 45 . 6 4 34 43 14 . 23 35 45 7 22 . 37 45 14 37 5 . 38 25 29 44 15 . 12 14 18 43 12 . 36 33 32 6 3 . 27 45 10 9 2 . 7 10 0 11 2 . 0 18 5 10 25 . 14 32 36 16 38 . 6 20 23 4 25 . 5 22 40 47 38 . 12 0 46 40 12 . 6 34 29 15 5 . 13 12 6 48 6 . 10 9 42 48 29 . 2 49 22 34 35 . 36 7 17 39 15 . 45 2 21 31 47 . 33 29 1 41 24 . 29 0 15 44 21 . 28 34 32 0 23 . 4 0 30 43 18 . 23 34 39 23 18 . 19 22 46 42 15 . 25 27 3 49 30 . 20 29 47 2 0
-1, 17 5 39 30 47 . 25 7 3 13 25 . 27 30 26 29 29 . 5 12 13 46 41 . 38 35 8 7 20 . 9 40 44 36 3 . 7 28 21 43 14 . 6 18 40 33 7 . 27 27 23 41 30 . 24 45 20 31 30 . 42 17 46 7 8 . 48 16 18 0 28 . 13 29 28 17 6 . 39 42 11 41 18 . 42 35 15 38 32 . 20 30 14 38 7 . 18 49 41 10 48 . 7 45 14 21 20 . 47 3 17 48 7 . 38 15 5 12 8 . 44 18 10 5 46 . 43 48 43 30 17 . 13 45 11 43 18 . 39 14 32 6 39 . 1 23 41 48 41 . 19 18 9 4 3 . 23 34 49 2 15 . 7 49 2 1 10 . 29 48 12 43 49 . 36 23 0 7 0
-1, 15 30 41 20 15 . 48 45 25 3 0 . 32 12 42 22 12 . 21 24 17 11 31 . 38 39 31 7 34 . 10 35 13 17 40 . 4 30 33 49 20 . 36 10 44 29 23 . 27 18 25 19 46 . 8 46 41 36 9 . 35 18 21 38 39 . 4 17 43 19 44 . 1 33 1 27 42 . 9 25 16 43 8 . 5 48 26 39 5 . 24 10 9 3 30 . 16 9 27 37 30 . 14 46 18 34 26 . 12 13 21 26 14 . 46 30 2 41 32 . 28 7 36 8 41 . 45 25 7 13 35 . 10 25 4 5 10 . 32 40 0 36 45 . 34 24 17 7 29 . 48 28 44 12 12 . 13 37 30 28 21 . 22 49 2 21 1 . 25 7 43 29 22 . 6 6 41 0 13
-1, 2 23 24 10 24 . 47 4 2 16 22 . 32 8 7 29 9 . 30 43 31 36 34 . 25 14 44 9 35 . 34 11 47 16 42 . 47 20 32 47 26 . 13 32 43 3 12 . 23 31 44 27 18 . 26 13 13 15 16 . 22 44 33 41 1 . 16 33 46 44 33 . 6 18 16 5 26 . 46 35 38 8 46 . 11 44 49 19 48 . 13 23 17 3 11 . 22 1 44 3 41 . 46 37 14 10 0 . 33 35 34 16 33 . 4 47 17 33 38 . 49 44 38 9 43 . 44 37 39 4 4 . 22 26 39 28 23 . 39 47 34 12 26 . 0 21 46 47 20 . 33 31 48 5 26 . 5 16 35 13 34 . 31 16 21 10 40 . 46 49 48 10 5 . 5 6 14 30 15
-1, 43 41 26 10 41 . 45 40 7 15 38 . 20 0 26 39 28 . 30 12 0 32 9 . 30 21 41 33 2 . 44 30 48 41 9 . 35 37 37 25 9 . 16 44 10 9 38 . 32 29 0 10 42 . 21 25 15 23 49 . 8 12 1 47 23 . 18 31 45 4 39 . 1 45 4 19 37 . 13 3 44 44 23 . 9 46 20 13 18 . 19 7 8 10 35 . 26 3 28 25 18 . 2 6 22 9 12 . 38 41 40 27 9 . 13 10 29 34 0 . 15 35 45 20 27 . 40 4 20 35 15 . 46 22 48 0 8 . 9 49 49 16 12 . 45 28 6 18 15 . 19 39 13 28 2 . 13 42 37 28 33 . 15 20 28 42 28 . 33 23 48 27 36 . 13 15 28 43 45
-1, 41 39 23 17 5 . 38 37 4 1 6 . 4 32 27 29 22 . 3 0 17 46 22 . 31 28 43 44 2 . 39 20 34 32 21 . 2 0 40 48 7 . 33 16 30 0 9 . 46 41 41 46 9 . 6 9 37 0 1 . 42 8 39 27 8 . 36 39 29 0 2 . 7 34 5 41 3 . 12 37 42 1 21 . 16 26 10 29 8 . 12 41 25 16 35 . 43 0 2 18 8 . 24 7 12 28 5 . 18 26 1 39 30 . 3 8 11 10 6 . 13 35 14 23 31 . 48 29 22 23 25 . 35 38 29 1 7 . 47 34 10 0 43 . 1 32 18 26 16 . 6 33 17 9 4 . 16 7 14 11 33 . 27 10 22 17 41 . 12 38 19 9 27 . 6 9 5 11 48
-1, 41 6 13 1 49 . 18 32 8 15 40 . 34 11 17 49 48 . 46 34 4 5 41 . 35 48 26 24 13 . 20 41 7 40 19 . 12 6 21 20 2 . 3 47 14 5 15 . 43 8 6 43 8 . 17 14 35 5 21 . 21 37 31 8 45 . 14 33 26 15 37 . 26 0 23 13 6 . 19 24 41 17 42 . 3 1 2 47 30 . 1 2 23 41 6 . 32 45 25 16 40 . 38 6 42 45 30 . 13 44 21 4 7 . 46 17 14 32 38 . 8 32 13 43 3 . 37 26 46 15 26 . 36 23 23 7 37 . 18 31 33 41 49 . 42 15 4 39 22 . 14 18 10 23 28 . 10 48 26 44 31 . 6 23 32 28 5 . 41 7 33 27 12 . 23 7 7 14 12
-1, 31 10 34 9 30 . 6 12 8 29 40 . 33 33 46 1 7 . 18 15 40 0 47 . 8 40 13 16 2 . 27 44 44 3 9 . 44 31 10 3 45 . 13 14 35 47 5 . 27 13 18 23 40 . 26 1 45 9 25 . 7 41 44 14 26 . 31 1 1 29 27 . 26 11 26 40 11 . 30 5 5 36 28 . 1 24 33 28 42 . 16 3 3 39 29 . 2 16 33 24 29 . 12 44 40 6 44 . 34 26 28 1 14 . 23 11 49 19 48 . 39 21 26 40 20 . 21 38 48 1 38 . 21 49 25 43 39 . 39 3 40 13 39 . 40 30 39 13 37 . 47 49 12 19 17 . 24 47 17 11 45 . 39 42 39 23 45 . 20 1 31 36 32 . 24 12 49 14 28
-1, 45 5 26 41 34 . 28 14 14 32 48 . 28 34 45 43 35 . 6 35 42 14 18 . 28 0 5 5 46 . 16 44 32 2 32 . 15 28 3 25 5 . 42 44 40 22 34 . 19 49 9 11 13 . 25 9 36 5 49 . 4 16 20 44 34 . 49 49 34 0 22 . 49 35 24 16 26 . 31 10 40 31 13 . 14 40 0 49 12 . 6 28 11 20 23 . 41 4 25 21 15 . 27 30 9 6 23 . 3 38 47 8 0 . 24 33 39 7 47 . 10 35 10 19 43 . 42 43 21 38 25 . 38 1 2 44 30 . 21 41 0 16 23 . 31 15 46 32 22 . 19 2 49 41 0 . 32 6 31 2 0 . 28 40 41 33 40 . 8 49 11 41 2 . 46 16 47 20 42
-1, 7 19 28 32 4 . 30 11 12 47 31 . 23 10 19 4 45 . 7 39 1 36 18 . 5 37 29 8 8 . 14 48 44 17 34 . 13 12 6 8 10 . 0 41 36 49 41 . 32 1 22 25 1 . 3 37 49 3 38 . 30 7 26 34 46 . 27 42 49 6 37 . 47 10 6 1 47 . 7 30 11 47 31 . 38 2 20 18 34 . 23 48 31 49 24 . 13 7 19 44 4 . 38 41 32 11 37 . 23 19 42 7 15 . 25 37 49 12 43 . 18 41 49 12 39 . 5 41 41 0 28 . 35 12 31 38 36 . 35 5 2 5 27 . 41 2 4 41 49 . 16 30 12 27 34 . 42 16 0 12 39 . 45 39 33 9 47 . 21 43 33 3 4 . 5 2 11 27 0
-1, 49 0 27 19 24 . 11 36 47 41 35 . 43 35 22 37 47 . 12 16 19 34 15 . 22 3 26 42 26 . 26 17 9 6 42 . 40 37 27 5 13 . 0 13 29 27 47 . 47 10 34 20 38 . 27 22 10 14 23 . 11 8 0 29 39 . 5 4 6 35 12 . 45 11 23 47 35 . 28 10 25 14 40 . 35 36 3 5 43 . 30 13 2 48 24 . 13 33 39 22 11 . 33 40 47 35 18 . 22 8 11 30 6 . 10 32 17 22 0 . 4 48 15 38 45 . 38 44 5 49 3 . 7 5 46 27 40 . 34 10 32 15 11 . 47 25 45 11 21 . 37 28 29 20 17 . 28 1 29 36 32 . 6 16 31 28 47 . 20 38 26 45 8 . 6 5 33 36 29
-1, 49 25 30 44 16 . 41 19 7 42 36 . 47 5 45 1 20 . 17 41 32 36 23 . 28 23 26 13 18 . 31 32 45 44 25 . 0 9 19 40 41 . 17 34 33 3 47 . 26 14 35 44 42 . 30 8 43 11 22 . 21 22 16 12 15 . 31 22 20 33 27 . 34 21 47 25 3 . 29 40 33 17 47 . 48 49 33 31 17 . 32 48 3 39 48 . 33 49 16 6 16 . 19 39 47 41 17 . 39 14 38 11 0 . 26 42 39 17 21 . 38 25 13 6 42 . 40 3 34 33 34 . 33 16 1 41 0 . 8 43 12 36 8 . 8 16 24 23 28 . 17 26 34 30 7 . 46 29 18 1 4 . 8 24 39 47 8 . 20 47 48 38 29 . 1 12 39 2 1
-1, 16 25 5 41 41 . 39 11 29 22 41 . 38 4 21 11 43 . 27 40 13 23 26 . 31 17 8 18 46 . 34 45 5 13 1 . 26 29 30 46 48 . 21 20 40 22 49 . 25 16 35 25 48 . 6 14 13 2 49 . 18 49 1 45 42 . 38 30 4 49 13 . 11 13 9 46 32 . 9 37 24 30 26 . 6 1 39 47 17 . 30 38 39 43 42 . 26 21 10 13 33 . 6 38 31 6 30 . 22 6 20 13 1 . 30 9 2 3 36 . 18 24 44 9 32 . 46 49 49 4 14 . 3 31 39 46 9 . 22 0 35 6 17 . 17 35 27 5 36 . 16 5 45 7 4 . 30 20 6 34 25 . 16 21 7 41 13 . 43 47 33 46 36 . 49 22 6 9 49
-1, 49 44 31 16 41 . 32 44 17 8 9 . 46 24 7 33 49 . 49 49 12 38 25 . 18 20 0 22 31 . 29 22 23 29 35 . 38 5 38 15 43 . 39 28 47 1 29 . 29 45 1 10 6 . 41 3 11 13 13 . 7 7 4 33 37 . 15 14 29 43 40 . 4 42 46 11 16 . 0 26 6 19 35 . 24 25 40 35 46 . 46 8 44 0 43 . 33 37 4 10 15 . 15 9 25 31 45 . 11 17 6 11 1 . 33 7 8 40 45 . 24 31 4 12 37 . 32 40 13 11 20 . 0 26 16 46 16 . 29 2 13 44 37 . 35 32 39 20 9 . 3 29 7 35 24 . 4 24 8 30 36 . 12 37 17 30 48 . 6 3 1 11 9 . 6 17 32 19 22
-1, 18 6 21 48 13 . 38 28 43 0 29 . 25 15 34 12 35 . 27 37 36 15 14 . 27 0 4 0 43 . 26 9 25 22 3 . 17 41 42 37 15 . 46 21 28 13 8 . 29 6 6 46 48 . 40 42 49 22 49 . 6 25 48 31 48 . 9 25 45 44 28 . 49 15 4 28 30 . 48 13 35 13 2 . 40 26 35 3 23 . 37 2 32 34 6 . 40 0 39 13 19 . 33 0 15 26 36 . 26 37 41 17 7 . 49 39 39 18 2 . 35 34 42 21 47 . 36 32 1 2 24 . 0 4 22 20 14 . 11 43 14 14 43 . 15 48 47 21 24 . 27 38 11 29 30 . 26 16 25 33 21 . 12 41 22 16 30 . 43 43 7 41 38 . 49 39 30 38 48
-1, 15 15 4 4 1 . 35 37 45 5 6 . 13 27 35 13 34 . 5 24 45 29 23 . 16 16 26 14 28 . 45 46 13 1 31 . 31 33 42 38 2 . 16 7 34 42 30 . 34 41 3 16 20 . 30 28 35 6 43 . 32 32 12 27 14 . 5 14 3 11 5 . 18 29 21 27 32 . 15 1 24 13 25 . 22 32 35 23 13 . 40 31 7 9 29 . 11 14 18 38 11 . 4 32 33 36 13 . 4 20 44 1 44 . 5 19 13 44 24 . 37 29 29 8 15 . 0 7 35 41 0 . 41 31 33 0 30 . 10 13 49 26 19 . 39 32 6 26 20 . 31 1 25 32 32 . 46 25 32 27 3 . 9 41 11 35 48 . 34 14 23 27 8 . 42 2 10 24 45
-1, 28 5 38 32 45 . 32 38 37 6 47 . 36 5 7 10 2 . 25 12 42 20 4 . 23 39 46 37 5 . 43 12 10 13 48 . 3 20 19 21 5 . 26 8 43 18 38 . 28 14 28 26 24 . 48 48 21 39 49 . 4 14 18 5 19 . 8 4 4 27 40 . 19 14 22 4 6 . 21 22 9 35 12 . 15 16 32 19 31 . 39 23 11 17 20 . 49 45 34 12 28 . 31 5 31 28 9 . 20 8 1 43 2 . 11 21 29 45 41 . 21 35 7 18 11 . 6 44 38 35 30 . 18 46 6 13 28 . 33 15 24 10 43 . 13 10 32 10 43 . 17 4 0 4 16 . 44 48 29 2 30 . 8 39 30 2 17 . 17 31 40 44 13 . 2 24 23 4 46
-1, 12 23 4 5 40 . 27 35 32 45 5 . 9 43 14 14 0 . 0 14 34 21 32 . 49 46 20 29 45 . 38 48 12 21 42 . 17 15 3 43 3 . 32 28 14 48 46 . 49 13 1 8 8 . 24 33 46 36 46 . 12 3 37 44 42 . 34 5 23 12 22 . 29 2 16 34 21 . 21 12 49 49 20 . 24 16 28 14 1 . 45 49 49 1 5 . 13 30 43 0 11 . 45 49 3 5 17 . 8 47 37 29 15 . 34 31 20 28 24 . 26 29 19 48 32 . 45 36 36 32 43 . 22 45 44 34 29 . 49 5 46 44 6 . 5 38 18 7 48 . 18 10 5 6 5 . 47 35 0 26 3 . 24 48 25 6 25 . 29 28 25 27 27 . 32 30 19 42 32
-1, 45 29 37 25 40 . 23 41 18 4 38 . 46 22 36 2 20 . 27 12 15 28 20 . 2 14 8 7 4 . 46 43 33 19 49 . 37 42 37 11 43 . 48 33 3 35 29 . 33 27 33 9 8 . 3 43 4 33 47 . 13 36 6 14 42 . 24 29 22 17 12 . 49 28 6 43 13 . 19 45 13 44 7 . 47 30 15 46 45 . 21 16 30 23 5 . 45 36 45 22 19 . 31 26 24 27 7 . 45 28 48 29 22 . 4 26 11 30 29 . 3 48 41 28 45 . 12 43 18 40 36 . 32 19 17 4 49 . 22 36 8 8 35 . 45 34 10 38 25 . 26 41 27 21 10 . 1 25 46 41 29 . 39 18 44 38 5 . 24 33 9 18 29 . 26 10 41 10 34
-1, 25 43 37 47 42 . 49 39 33 39 7 . 1 48 21 27 45 . 28 10 26 38 1 . 33 28 12 41 15 . 14 4 43 20 31 . 11 29 13 45 2 . 18 42 41 45 7 . 5 43 35 12 32 . 42 24 11 40 11 . 11 48 48 18 47 . 6 6 17 45 24 . 3 1 10 2 48 . 27 17 27 48 26 . 2 4 37 22 31 . 38 26 43 15 46 . 3 48 11 41 34 . 25 20 24 25 3 . 25 18 43 18 39 . 0 45 45 12 8 . 35 24 25 37 32 . 17 46 4 33 14 . 1 41 22 1 2 . 13 6 22 5 49 . 27 23 34 24 3 . 43 41 49 35 13 . 7 36 14 12 4 . 26 48 13 35 22 . 27 41 6 4 42 . 7 1 20 6 41
-1, 3 20 26 19 3 . 41 20 45 27 30 . 19 45 27 38 45 . 15 37 6 46 30 . 49 31 32 6 34 . 43 35 45 22 9 . 9 49 1 47 29 . 0 7 41 24 23 . 21 14 32 28 18 . 30 35 48 31 1 . 12 12 35 10 45 . 27 3 5 32 21 . 11 36 6 2 9 . 35 15 7 32 10 . 36 47 4 47 18 . 4 10 13 48 42 . 48 9 29 4 40 . 22 46 49 20 33 . 44 42 48 26 29 . 21 37 9 46 26 . 1 26 30 8 49 . 21 44 24 25 34 . 24 23 30 21 35 . 44 11 44 6 26 . 21 7 38 8 9 . 16 5 1 40 43 . 46 14 43 12 44 . 41 13 2 40 25 . 18 2 24 12 43 . 12 36 40 14 9
-1, 49 10 49 11 5 . 46 43 39 2 24 . 24 26 36 31 18 . 49 30 15 32 2 . 0 8 4 7 11 . 24 36 3 2 8 . 40 49 44 39 49 . 24 6 46 5 37 . 7 41 25 11 40 . 2 10 1 27 24 . 21 21 17 17 22 . 3 9 20 30 1 . 7 4 17 38 25 . 0 5 31 22 38 . 14 9 15 37 37 . 49 10 14 49 46 . 25 33 10 49 7 . 45 46 0 34 19 . 3 23 45 5 25 . 49 42 32 2 47 . 9 6 44 9 39 . 18 35 7 37 2 . 24 27 11 49 19 . 22 33 30 31 24 . 16 16 31 5 49 . 20 17 29 6 6 . 13 34 36 10 2 . 31 21 21 21 9 . 8 12 7 47 6 . 17 8 8 10 8
-1, 21 35 1 46 38 . 17 11 22 47 21 . 26 40 11 41 32 . 24 10 36 47 16 . 22 21 26 41 41 . 44 24 24 19 42 . 9 39 26 4 5 . 26 27 27 37 48 . 49 23 48 9 32 . 27 14 31 0 14 . 48 2 21 39 9 . 24 41 38 27 36 . 0 7 31 29 15 . 15 42 5 46 10 . 5 35 45 46 43 . 1 35 47 22 0 . 3 24 8 28 23 . 7 30 28 5 10 . 19 8 15 46 18 . 42 5 32 1 4 . 40 23 45 3 24 . 6 16 27 7 49 . 14 15 49 26 25 . 42 2 35 28 31 . 38 28 34 23 7 . 32 35 17 17 43 . 4 6 33 28 29 . 6 45 27 39 19 . 14 38 31 25 7 . 22 16 10 12 45
-1, 42 21 13 1 23 . 5 21 24 34 12 . 24 22 10 9 20 . 1 39 48 28 6 . 16 37 6 9 44 . 48 18 34 40 46 . 23 31 10 16 42 . 42 7 27 16 47 . 19 0 43 33 38 . 42 33 30 41 45 . 10 33 15 28 28 . 33 0 4 16 48 . 14 31 4 16 22 . 26 11 10 8 35 . 39 13 2 35 23 . 36 27 28 11 16 . 19 16 5 16 12 . 32 18 3 15 23 . 24 6 24 35 2 . 48 31 25 30 6 . 19 23 22 29 11 . 21 9 18 4 49 . 0 21 35 3 40 . 19 49 15 7 8 . 42 27 17 26 4 . 23 34 30 23 37 . 13 0 17 6 35 . 20 18 13 14 35 . 42 1 35 6 18 . 30 18 18 9 7
-1, 49 40 29 24 31 . 39 29 47 44 36 . 25 6 35 44 33 . 11 27 20 18 37 . 5 43 13 28 9 . 39 18 23 45 33 . 39 45 8 41 38 . 24 41 1 28 39 . 21 1 23 49 31 . 13 14 6 35 11 . 15 31 13 37 1 . 11 43 40 40 45 . 19 18 0 21 22 . 6 18 31 10 14 . 43 48 31 16 14 . 32 32 31 44 45 . 34 2 33 48 41 . 45 23 43 14 20 . 39 0 29 17 11 . 28 32 2 39 22 . 43 44 40 13 48 . 38 49 22 29 5 . 31 29 2 25 3 . 10 22 10 20 22 . 29 8 25 38 1 . 29 0 40 30 43 . 8 30 32 24 45 . 13 21 39 38 26 . 32 34 30 30 2 . 17 46 1 18 34
-1, 33 43 15 33 4 . 25 12 34 38 24 . 14 41 34 44 10 . 47 25 2 34 12 . 36 12 20 21 38 . 35 30 42 41 15 . 30 17 10 38 11 . 25 49 8 42 32 . 2 3 46 4 23 . 26 28 29 28 30 . 7 11 32 12 24 . 42 10 42 38 42 . 40 46 44 27 12 . 12 40 49 22 32 . 42 2 20 20 17 . 41 42 23 11 34 . 48 34 16 16 39 . 31 20 30 35 47 . 17 24 0 20 35 . 1 0 16 42 1 . 8 41 15 28 48 . 1 44 27 37 31 . 36 0 20 20 16 . 22 14 8 22 6 . 46 32 49 13 25 . 17 19 14 37 29 . 37 24 33 17 17 . 41 14 49 14 10 . 22 13 15 32 10 . 27 36 10 45 48
-1, 43 0 27 29 20 . 48 26 9 22 39 . 4 11 41 2 22 . 31 14 2 16 37 . 49 48 40 16 27 . 18 15 48 30 42 . 5 28 32 15 35 . 48 19 46 49 35 . 41 31 28 26 17 . 33 42 20 23 9 . 49 41 43 34 46 . 20 49 14 0 33 . 48 1 24 27 4 . 18 31 37 38 16 . 23 15 32 28 27 . 26 16 31 19 15 . 12 21 32 49 14 . 0 26 44 22 34 . 28 25 22 5 18 . 31 13 9 8 33 . 21 10 21 4 7 . 25 19 26 17 25 . 29 20 4 35 33 . 45 34 17 4 35 . 46 18 48 33 44 . 39 10 22 8 1 . 35 5 1 7 46 . 38 26 27 1 21 . 8 10 15 9 7 . 5 4 24 20 45
-1, 45 16 3 47 21 . 40 8 48 27 32 . 1 12 49 42 12 . 14 45 46 3 35 . 2 25 23 36 1 . 18 22 18 37 35 . 20 23 5 47 21 . 0 12 44 17 5 . 11 39 14 33 26 . 41 33 10 38 5 . 19 10 45 32 31 . 6 22 31 41 18 . 45 6 19 17 31 . 18 4 5 48 31 . 11 31 31 1 24 . 14 25 38 43 24 . 38 9 47 22 21 . 45 15 12 13 5 . 36 4 45 30 49 . 26 26 30 32 42 . 46 41 45 14 15 . 15 31 14 43 10 . 45 48 45 37 35 . 14 17 30 17 35 . 39 42 37 42 35 . 26 34 22 26 8 . 7 18 0 15 49 . 24 18 4 43 3 . 23 17 10 7 8 . 34 32 8 20 41
-1, 23 3 0 23 29 . 28 31 19 4 27 . 22 34 27 43 37 . 20 15 6 47 14 . 2 46 17 36 30 . 46 41 29 44 4 . 49 39 47 32 39 . 6 20 45 4 18 . 47 41 8 6 30 . 14 13 6 18 30 . 6 13 27 7 8 . 44 47 36 33 34 . 36 1 7 38 34 . 36 32 34 5 46 . 21 13 2 46 26 . 40 31 21 42 21 . 22 49 6 35 38 . 9 11 45 43 42 . 28 35 30 49 22 . 17 25 39 8 10 . 13 33 12 9 31 . 29 44 6 45 6 . 35 41 22 49 36 . 36 45 40 47 23 . 30 47 23 16 0 . 6 5 30 21 44 . 49 13 21 37 46 . 5 45 21 39 26 . 12 44 17 41 33 . 3 24 3 2 47
-1, 49 22 28 49 1 . 19 28 44 6 21 . 29 8 44 19 25 . 25 13 4 10 4 . 6 7 8 45 38 . 47 11 0 39 18 . 28 24 40 36 24 . 44 24 0 23 49 . 11 39 48 45 21 . 7 32 44 18 40 . 5 14 18 12 31 . 18 25 17 17 40 . 35 29 8 6 0 . 38 8 42 14 40 . 45 40 35 17 43 . 29 27 5 14 7 . 48 16 43 13 35 . 25 24 8 4 39 . 23 2 14 49 12 . 35 7 7 18 5 . 9 40 29 32 4 . 0 21 32 2 19 . 38 28 15 44 46 . 26 0 32 17 30 . 19 0 20 24 45 . 33 22 38 41 22 . 19 18 30 35 33 . 6 39 16 27 35 . 9 11 0 16 8 . 43 24 4 37 46
-1, 32 42 32 44 12 . 29 20 24 8 6 . 37 34 7 33 46 . 8 24 47 18 16 . 14 15 44 31 46 . 10 26 0 18 49 . 41 8 8 39 12 . 32 10 43 49 25 . 0 38 6 34 48 . 19 15 36 5 28 . 13 8 34 22 19 . 8 28 39 47 10 . 24 37 49 6 39 . 6 38 29 19 48 . 17 48 35 33 24 . 46 21 38 4 5 . 15 32 20 49 2 . 49 6 32 39 2 . 41 9 25 41 46 . 40 11 47 6 14 . 22 20 47 40 31 . 31 43 38 8 18 . 23 37 11 43 37 . 43 32 22 19 26 . 5 4 8 23 27 . 33 24 49 3 21 . 0 27 38 13 33 . 0 29 8 7 10 . 32 32 40 18 29 . 41 3 28 35 46
-1, 35 43 23 3 28 . 38 8 20 10 28 . 41 4 19 9 4 . 18 13 21 9 38 . 39 10 4 22 35 . 27 23 38 28 7 . 41 27 13 19 25 . 22 32 28 0 29 . 45 46 3 27 13 . 23 2 4 13 39 . 4 12 35 26 25 . 15 14 29 20 36 . 38 5 29 30 18 . 7 47 1 21 49 . 7 47 35 36 46 . 41 44 31 13 49 . 39 29 45 44 45 . 43 17 27 10 39 . 10 23 17 37 9 . 36 42 5 30 34 . 2 44 34 36 15 . 12 19 24 11 1 . 3 16 18 28 34 . 29 24 1 7 4 . 6 48 20 43 16 . 41 9 44 37 10 . 10 8 16 45 12 . 39 12 31 22 39 . 12 43 16 10 49 . 25 7 40 46 11
-1, 2 3 26 20 49 . 49 26 37 1 14 . 29 38 41 39 19 . 20 0 46 5 26 . 7 40 33 26 21 . 14 13 33 45 1 . 29 42 15 28 21 . 1 41 41 43 42 . 38 49 47 22 17 . 5 15 7 14 31 . 34 24 45 31 43 . 25 31 30 15 13 . 26 1 22 5 22 . 34 43 18 25 37 . 8 5 4 39 16 . 28 34 8 16 44 . 16 13 0 5 9 . 15 4 26 34 28 . 13 0 17 47 22 . 30 24 0 32 8 . 7 39 0 10 17 . 21 25 27 4 9 . 36 21 47 5 5 . 6 14 13 40 40 . 24 26 34 42 14 . 48 2 1 1 36 . 3 2 39 12 27 . 35 44 40 30 49 . 43 35 28 6 38 . 19 39 19 33 6
-1, 18 29 21 18 0 . 35 39 43 26 37 . 14 7 41 25 47 . 14 30 37 13 16 . 30 45 11 3 10 . 16 19 44 14 22 . 30 24 25 32 12 . 42 16 23 22 7 . 4 15 32 35 44 . 25 34 10 17 46 . 6 45 46 46 33 . 12 8 47 38 6 . 36 30 44 20 8 . 48 42 35 26 32 . 31 36 1 17 31 . 2 48 21 41 15 . 12 18 32 32 15 . 4 44 38 43 39 . 44 5 8 31 5 . 17 13 9 31 5 . 39 3 48 10 25 . 42 0 47 13 20 . 42 24 16 46 8 . 3 16 34 15 7 . 36 1 36 7 14 . 16 26 6 11 44 . 12 13 22 1 21 . 19 44 10 35 3 . 0 10 22 7 16 . 37 32 48 36 9
-1, 33 19 3 7 33 . 44 16 22 37 4 . 7 23 39 27 18 . 37 36 39 40 14 . 5 26 41 22 26 . 0 3 30 48 16 . 7 33 24 7 20 . 48 4 20 29 28 . 31 49 4 48 31 . 17 8 9 14 8 . 39 1 7 34 13 . 25 18 7 48 26 . 29 18 14 43 24 . 41 12 11 32 42 . 14 42 43 37 19 . 12 41 42 3 26 . 42 35 9 31 39 . 13 1 46 48 36 . 33 36 1 4 47 . 9 45 6 32 39 . 26 42 11 43 46 . 32 49 42 18 0 . 43 14 37 2 9 . 23 22 44 28 15 . 27 1 44 33 45 . 26 1 45 37 24 . 0 36 18 1 39 . 47 11 39 26 9 . 41 30 25 45 37 . 48 4 32 49 26
-1, 35 20 11 1 49 . 11 18 33 16 27 . 3 7 33 45 44 . 46 14 23 48 41 . 2 34 48 4 13 . 19 36 25 33 29 . 15 11 26 41 0 . 25 17 22 5 28 . 31 24 28 12 13 . 39 13 43 41 27 . 26 4 49 43 1 . 25 41 13 35 32 . 16 30 12 49 19 . 19 36 26 29 5 . 41 49 41 28 20 . 16 3 30 38 26 . 19 38 46 30 46 . 17 11 39 28 31 . 3 9 35 33 13 . 38 28 3 9 6 . 22 8 31 4 17 . 37 44 7 0 20 . 31 31 8 31 49 . 30 9 7 38 26 . 5 43 14 33 27 . 35 3 4 27 6 . 28 37 48 16 25 . 40 12 31 15 41 . 30 16 10 39 42 . 32 44 1 19 26
-1, 20 26 4 34 15 . 33 47 7 30 44 . 22 7 4 19 21 . 40 6 21 26 7 . 26 33 5 12 11 . 40 49 37 49 9 . 26 1 46 0 39 . 24 47 6 3 3 . 22 25 4 22 44 . 18 35 8 8 0 . 29 37 6 13 23 . 27 29 13 14 28 . 48 17 2 17 41 . 43 13 8 5 19 . 36 14 9 21 29 . 34 32 18 2 22 . 40 49 30 9 28 . 36 20 1 47 25 . 21 34 41 16 1 . 6 30 12 31 2 . 33 27 9 29 8 . 1 3 10 30 30 . 40 28 29 25 27 . 22 33 37 41 7 . 6 32 41 29 21 . 24 3 17 12 14 . 46 4 13 13 7 . 14 35 49 45 29 . 15 43 19 32 23 . 23 13 24 42 48
-1, 23 5 24 11 6 . 5 38 31 22 27 . 7 3 6 25 37 . 31 6 24 17 39 . 3 7 25 35 49 . 0 9 33 18 24 . 12 47 11 23 40 . 42 29 3 41 10 . 14 49 8 44 48 . 24 39 28 5 21 . 17 27 26 28 1 . 37 41 48 40 25 . 5 23 37 31 38 . 22 42 24 6 45 . 45 11 29 8 7 . 48 22 4 11 37 . 40 34 5 1 23 . 18 2 13 13 28 . 20 38 37 30 7 . 39 8 0 47 35 . 49 1 2 1 42 . 12 49 36 48 26 . 2 38 18 46 37 . 45 6 5 32 13 . 6 45 31 3 40 . 38 33 23 28 44 . 27 15 10 13 5 . 1 33 18 4 20 . 17 35 4 28 20 . 25 5 42 15 14
-1, 14 48 13 23 45 . 2 19 3 42 35 . 4 19 22 40 47 . 17 46 31 40 49 . 32 45 31 4 14 . 37 21 5 31 22 . 31 49 33 6 21 . 8 20 35 39 49 . 1 27 18 36 33 . 21 18 42 41 6 . 31 27 33 22 23 . 31 38 12 21 8 . 34 36 48 18 41 . 25 3 43 43 23 . 40 41 47 42 5 . 29 47 38 27 31 . 45 0 12 30 38 . 22 2 34 5 28 . 11 16 10 19 37 . 25 48 19 15 21 . 5 21 27 40 17 . 6 39 30 33 13 . 41 11 36 6 21 . 40 31 19 26 20 . 49 43 8 39 35 . 17 16 10 16 24 . 18 16 33 14 45 . 19 10 36 0 2 . 33 30 43 16 9 . 23 27 32 39 18
-1, 35 16 49 42 47 . 17 17 20 12 7 . 33 33 26 46 23 . 37 34 26 42 20 . 27 30 30 16 34 . 9 42 34 26 11 . 11 25 49 24 9 . 24 46 41 36 24 . 11 16 23 10 46 . 45 24 29 0 29 . 15 24 6 4 2 . 23 8 22 36 0 . 30 2 25 4 47 . 26 29 21 32 9 . 6 5 7 47 45 . 46 33 22 21 3 . 2 19 1 9 37 . 31 11 18 45 28 . 49 47 15 49 29 . 44 41 20 11 5 . 32 16 47 29 27 . 47 10 14 49 36 . 38 41 28 31 45 . 39 45 37 23 29 . 33 26 27 16 13 . 43 13 19 19 40 . 29 48 23 34 16 . 40 28 2 29 43 . 14 2 31 0 10 . 36 0 12 3 21
-1, 14 29 34 40 26 . 13 27 34 15 18 . 44 45 48 1 46 . 6 42 34 29 15 . 16 17 10 47 45 . 35 5 2 11 47 . 12 7 37 3 15 . 24 18 10 42 8 . 12 12 12 37 17 . 27 23 3 41 10 . 48 48 49 29 9 . 23 42 32 20 35 . 30 41 42 33 27 . 3 47 43 19 7 . 25 35 47 44 38 . 31 4 0 10 18 . 38 3 36 27 42 . 39 16 29 6 3 . 10 41 32 5 13 . 31 4 35 15 19 . 40 42 1 36 40 . 49 21 14 39 39 . 26 46 5 11 32 . 38 33 47 14 27 . 47 16 40 35 13 . 24 7 32 12 21 . 28 42 42 36 47 . 13 43 27 16 42 . 48 24 18 5 37 . 37 9 17 23 36
-1, 34 7 38 49 10 . 21 3 28 36 45 . 24 35 23 33 40 . 47 40 30 40 19 . 45 48 41 1 11 . 4 27 28 4 3 . 2 18 7 8 29 . 28 19 16 47 25 . 39 10 24 32 31 . 17 42 4 30 39 . 36 4 21 49 11 . 47 17 22 1 6 . 36 17 5 43 9 . 18 19 17 49 2 . 43 19 19 27 23 . 14 48 32 1 15 . 34 24 9 45 36 . 18 49 37 36 0 . 32 9 5 8 14 . 33 40 20 33 12 . 35 3 49 22 16 . 9 35 7 36 16 . 25 46 29 26 40 . 43 19 20 32 3 . 21 32 6 43 20 . 34 38 47 45 16 . 10 28 34 6 16 . 36 16 41 47 15 . 6 20 19 33 47 . 44 44 20 21 14
-1, 30 9 14 31 37 . 35 16 30 47 48 . 20 32 14 20 15 . 38 45 39 23 47 . 41 32 23 1 18 . 44 8 2 26 22 . 11 44 9 31 46 . 8 16 49 29 10 . 36 3 17 9 33 . 26 1 8 20 36 . 16 15 19 36 27 . 5 1 41 8 27 . 30 19 43 29 9 . 0 42 33 20 4 . 16 29 41 29 34 . 6 39 47 21 35 . 34 44 43 17 27 . 6 14 4 44 8 . 30 41 31 7 42 . 8 38 37 32 12 . 22 43 33 18 18 . 18 24 43 14 13 . 49 16 33 35 18 . 3 31 33 33 0 . 5 35 21 8 30 . 34 3 19 21 49 . 13 24 17 24 38 . 37 2 8 40 42 . 4 9 6 48 15 . 27 19 6 10 31
-1, 45 34 33 13 29 . 19 21 12 6 40 . 13 43 28 16 46 . 16 9 13 1 12 . 46 10 21 23 4 . 5 24 14 6 17 . 38 7 1 3 17 . 2 42 46 45 9 . 27 38 2 5 41 . 48 27 8 17 42 . 47 11 22 39 26 . 41 19 33 20 21 . 30 1 43 31 4 . 31 4 42 23 22 . 22 28 4 29 19 . 4 12 11 22 46 . 38 38 7 48 0 . 22 16 10 17 10 . 15 18 37 23 11 . 3 9 6 42 22 . 23 20 21 31 34 . 10 23 29 10 9 . 3 3 0 31 18 . 2 36 10 48 26 . 1 8 44 12 23 . 39 14 26 14 25 . 43 34 29 47 24 . 37 30 18 26 9 . 41 48 35 26 36 . 1 18 45 29 19
-1, 27 32 39 19 3 . 48 38 24 46 26 . 24 15 8 34 39 . 6 9 12 26 46 . 41 44 39 4 28 . 6 35 29 34 5 . 28 21 10 43 7 . 44 37 12 3 37 . 0 23 24 42 30 . 38 18 40 42 7 . 24 16 22 44 35 . 43 22 43 34 19 . 0 18 2 18 41 . 27 17 38 16 0 . 16 39 19 32 22 . 20 37 21 12 15 . 11 17 29 2 26 . 6 14 19 39 43 . 39 16 32 28 20 . 22 9 40 46 8 . 49 7 12 48 45 . 38 31 46 42 21 . 26 11 2 14 10 . 22 29 6 44 13 . 49 23 21 36 42 . 47 48 1 34 5 . 48 47 37 1 9 . 1 38 11 48 37 . 45 22 9 47 23 . 33 26 12 30 40
-1, 11 19 43 49 35 . 35 8 27 44 30 . 21 33 0 3 12 . 23 10 23 8 22 . 47 40 9 33 37 . 47 43 10 7 9 . 34 41 47 1 46 . 12 29 40 29 29 . 3 18 46 39 33 . 5 11 49 48 10 . 9 32 41 21 3 . 15 42 39 23 5 . 13 14 48 24 49 . 15 6 12 35 44 . 43 6 19 18 45 . 48 18 35 22 19 . 42 15 18 48 17 . 32 36 44 20 25 . 3 49 9 14 24 . 23 37 34 43 3 . 21 42 9 23 22 . 0 8 36 13 31 . 4 9 46 47 12 . 43 23 17 13 1 . 25 10 6 10 20 . 29 27 49 10 43 . 3 23 20 42 47 . 26 32 46 34 22 . 21 30 42 9 29 . 43 30 18 21 38
-1, 40 1 43 37 31 . 13 23 40 44 5 . 37 29 49 3 37 . 30 14 8 12 40 . 29 12 41 6 23 . 17 29 44 9 36 . 46 27 10 49 46 . 32 5 16 11 8 . 6 14 13 25 21 . 20 7 12 47 48 . 27 23 12 18 29 . 48 17 27 45 7 . 37 22 44 18 17 . 44 27 33 39 43 . 40 21 2 30 39 . 28 18 3 13 2 . 30 16 36 10 10 . 49 26 36 9 47 . 33 49 34 29 30 . 9 5 3 30 19 . 16 18 41 32 8 . 17 14 11 40 10 . 43 13 43 10 40 . 31 21 19 37 30 . 43 9 0 39 24 . 29 27 24 2 43 . 46 25 23 47 31 . 11 4 8 14 39 . 49 31 11 1 19 . 39 9 44 16 2
-1, 1 26 29 24 43 . 6 37 35 35 24 . 11 37 12 0 43 . 15 43 29 26 46 . 28 40 0 34 14 . 44 22 31 14 31 . 37 34 10 32 39 . 16 41 44 12 11 . 23 25 48 25 19 . 42 18 9 22 27 . 11 48 47 38 22 . 9 28 38 10 28 . 11 23 16 5 45 . 20 39 10 3 48 . 13 13 3 30 3 . 7 2 14 11 9 . 49 1 29 32 20 . 31 8 44 0 15 . 33 15 11 9 23 . 45 46 31 16 30 . 44 9 10 17 40 . 44 3 1 6 41 . 30 2 32 26 26 . 42 0 40 44 25 . 24 20 40 27 12 . 49 40 27 31 5 . 40 10 41 39 27 . 31 26 28 29 36 . 47 0 28 30 18 . 26 25 42 22 14
-1, 15 47 22 42 24 . 7 26 46 48 47 . 34 23 31 34 34 . 29 4 30 9 29 . 15 15 41 48 18 . 0 8 13 33 5 . 46 4 9 22 40 . 0 5 31 47 25 . 5 4 30 36 26 . 44 16 44 3 33 . 11 24 48 22 47 . 38 22 12 0 38 . 48 37 16 17 45 . 44 2 22 19 45 . 3 25 47 40 13 . 39 24 32 2 33 . 29 35 22 49 35 . 8 21 9 26 6 . 6 3 9 8 10 . 30 11 40 48 43 . 44 34 23 9 21 . 8 8 0 19 19 . 41 16 35 30 7 . 2 29 14 44 49 . 34 28 33 45 9 . 32 2 47 29 2 . 26 35 39 42 27 . 17 13 14 39 40 . 31 31 4 11 42 . 44 7 24 37 35
-1, 30 35 32 4 49 . 44 47 11 46 11 . 29 49 27 29 27 . 37 23 6 6 19 . 19 13 40 47 38 . 17 11 10 30 39 . 19 26 24 14 29 . 36 23 36 19 34 . 35 16 18 10 22 . 21 35 23 12 10 . 26 12 18 34 30 . 15 5 9 22 4 . 35 44 33 46 19 . 25 18 48 16 47 . 25 6 24 38 24 . 6 17 46 28 4 . 38 12 0 33 16 . 9 44 43 4 6 . 40 18 36 22 35 . 4 19 38 6 13 . 39 6 36 7 44 . 31 17 6 35 35 . 13 40 41 36 11 . 13 39 6 45 3 . 17 13 37 13 45 . 18 34 33 40 47 . 38 16 13 48 10 . 12 9 29 0 39 . 16 12 25 48 3 . 35 29 4 27 20
-1, 41 11 44 48 39 . 46 32 0 21 33 . 5 29 42 28 36 . 23 42 40 43 28 . 24 40 30 38 41 . 41 19 39 13 33 . 19 34 36 27 23 . 16 2 34 34 20 . 9 5 21 24 36 . 38 7 38 31 27 . 4 29 0 24 23 . 31 43 36 33 33 . 45 29 23 10 47 . 7 9 12 25 26 . 39 26 31 49 39 . 34 7 4 28 8 . 27 44 36 7 12 . 45 31 9 7 24 . 49 43 31 19 41 . 23 12 46 32 17 . 17 15 6 29 37 . 7 29 3 6 37 . 23 4 42 1 14 . 4 23 32 6 33 . 17 19 4 44 23 . 14 25 33 38 11 . 49 32 37 33 8 . 43 28 10 42 45 . 8 45 8 18 35 . 32 40 40 29 40
-1, 44 19 48 2 23 . 7 29 2 47 46 . 17 19 29 39 19 . 28 14 18 41 26 . 6 21 35 2 30 . 30 22 6 21 20 . 6 1 11 12 24 . 1 39 33 16 45 . 8 20 8 49 5 . 4 41 22 37 14 . 5 4 5 9 41 . 1 10 38 28 3 . 29 33 21 25 11 . 9 6 49 35 32 . 32 49 33 37 19 . 48 4 9 2 43 . 17 31 17 16 30 . 4 43 32 22 2 . 19 9 30 25 13 . 0 7 2 47 26 . 49 49 28 44 9 . 16 42 6 46 25 . 21 24 6 35 19 . 25 12 2 2 33 . 46 49 20 0 42 . 31 39 29 37 19 . 24 25 3 8 49 . 27 8 44 13 23 . 33 6 40 41 2 . 35 24 14 10 31
-1, 2 43 3 20 26 . 24 23 40 33 9 . 49 7 48 48 7 . 29 30 13 44 42 . 7 16 35 25 15 . 39 45 4 20 41 . 40 0 1 13 48 . 2 48 44 10 13 . 8 34 36 24 47 . 43 35 31 23 36 . 36 8 47 35 13 . 42 9 33 23 20 . 12 5 48 33 6 . 42 46 15 48 3 . 39 18 12 33 21 . 9 13 10 42 43 . 2 10 16 35 21 . 38 26 45 26 25 . 6 31 13 10 31 . 38 45 6 17 39 . 24 17 33 43 30 . 19 1 10 43 28 . 5 8 19 21 5 . 48 15 34 9 26 . 11 23 23 39 48 . 18 36 12 15 22 . 44 25 30 39 23 . 31 45 22 46 26 . 13 24 19 22 27 . 21 37 32 11 4
-1, 23 26 29 43 13 . 41 21 10 33 6 . 40 3 9 18 28 . 34 17 32 11 32 . 34 18 9 23 23 . 4 48 40 34 45 . 0 2 0 49 7 . 43 43 45 7 46 . 42 25 40 17 5 . 46 19 11 47 22 . 12 22 25 25 13 . 13 9 43 47 34 . 11 19 10 32 3 . 34 13 48 23 43 . 10 29 15 1 27 . 5 1 37 1 33 . 47 27 6 46 48 . 23 28 44 10 19 . 4 41 42 32 12 . 49 31 44 2 0 . 35 14 1 44 4 . 15 27 19 25 11 . 15 8 19 26 28 . 31 36 4 35 49 . 31 27 46 36 4 . 21 44 3 41 18 . 5 3 4 44 26 . 18 39 10 40 35 . 8 6 41 15 31 . 12 33 1 12 36
-1, 19 14 37 35 42 . 23 36 14 18 24 . 12 37 31 25 13 . 20 9 26 43 27 . 6 23 29 10 5 . 8 35 28 33 16 . 39 1 34 20 5 . 43 1 49 15 24 . 42 16 33 1 44 . 7 38 12 13 23 . 18 29 0 1 19 . 10 27 27 27 25 . 49 15 9 5 39 . 24 25 24 3 32 . 40 25 45 39 16 . 20 20 3 49 39 . 1 44 17 0 21 . 24 0 20 24 18 . 17 19 3 43 26 . 11 19 10 47 1 . 33 5 21 32 33 . 29 46 19 36 3 . 0 37 19 14 46 . 4 9 44 46 37 . 14 6 1 31 8 . 43 3 11 17 37 . 8 32 1 15 6 . 22 30 39 37 1 . 6 47 6 33 33 . 41 33 32 3 14
-1, 11 28 46 9 48 . 26 12 2 42 45 . 16 25 15 30 9 . 30 28 19 28 17 . 10 23 36 23 11 . 23 46 22 24 5 . 49 27 27 39 49 . 1 49 1 14 2 . 21 27 32 26 9 . 43 8 20 16 20 . 43 21 10 32 31 . 16 36 2 4 34 . 28 40 32 29 1 . 2 32 6 46 0 . 23 43 34 42 31 . 7 15 49 20 39 . 20 28 7 10 0 . 8 33 6 37 30 . 31 40 20 30 15 . 29 8 21 24 29 . 0 23 41 31 39 . 34 30 10 42 45 . 4 43 28 30 38 . 14 22 2 34 27 . 18 42 2 40 44 . 35 18 44 46 15 . 30 46 40 38 19 . 38 5 22 10 44 . 18 19 1 12 29 . 44 49 48 15 30
-1, 42 26 36 31 44 . 4 0 36 33 25 . 33 18 41 8 17 . 45 12 24 26 8 . 4 25 34 32 36 . 21 26 2 13 13 . 42 29 14 5 20 . 36 24 48 23 42 . 48 18 39 34 48 . 34 45 43 45 6 . 36 19 4 34 31 . 37 8 4 29 23 . 49 6 32 16 41 . 48 7 48 10 11 . 16 45 11 5 22 . 25 12 48 18 45 . 5 13 25 46 4 . 15 35 35 35 44 . 10 19 11 13 30 . 31 34 48 19 44 . 35 18 43 45 45 . 7 25 42 30 48 . 15 8 40 47 29 . 20 31 4 45 24 . 33 21 45 3 25 . 30 4 39 4 1 . 48 3 45 36 20 . 25 28 31 23 13 . 22 19 5 44 48 . 20 48 6 20 25
-1, 47 0 21 0 38 . 48 16 37 37 14 . 16 33 3 1 23 . 3 25 12 9 11 . 28 32 16 49 25 . 26 1 15 47 37 . 24 16 9 25 45 . 1 3 41 11 24 . 9 2 15 18 33 . 7 1 4 38 1 . 11 23 26 40 41 . 9 41 8 13 39 . 40 1 39 45 17 . 27 45 19 8 18 . 13 13 48 0 10 . 17 42 13 29 17 . 35 41 4 0 14 . 32 14 22 29 33 . 40 28 43 42 31 . 31 9 41 47 28 . 31 12 19 21 7 . 27 45 41 38 46 . 39 32 25 18 6 . 26 49 45 33 33 . 35 17 29 28 19 . 23 16 14 25 29 . 14 21 18 31 18 . 1 11 18 23 37 . 38 26 19 22 17 . 49 23 40 29 36
-1, 9 14 9 24 12 . 17 36 35 3 1 . 12 26 17 10 36 . 20 7 48 35 42 . 28 4 45 1 19 . 13 6 21 15 41 . 9 40 39 17 26 . 9 13 35 40 27 . 13 7 41 35 24 . 30 24 38 30 12 . 11 8 15 28 18 . 36 24 11 31 44 . 6 22 7 24 29 . 8 10 22 42 6 . 28 29 20 14 21 . 0 46 31 30 23 . 20 42 4 26 36 . 44 34 24 26 22 . 32 22 8 9 44 . 25 6 33 17 48 . 47 8 42 12 49 . 10 18 21 20 7 . 21 21 36 30 8 . 7 34 43 10 38 . 9 0 30 18 47 . 16 41 19 10 36 . 43 32 29 18 36 . 12 9 25 17 40 . 39 18 47 40 21 . 45 20 25 38 24
-1, 14 26 12 13 4 . 3 31 41 14 8 . 34 41 44 28 45 . 25 32 5 40 48 . 34 27 31 19 14 . 1 46 17 10 24 . 29 35 23 24 16 . 18 1 11 32 41 . 34 0 44 40 2 . 14 2 42 41 14 . 8 16 27 21 15 . 24 16 29 6 36 . 32 3 16 36 40 . 15 2 32 40 18 . 45 26 41 30 29 . 7 33 34 38 49 . 7 20 28 32 7 . 1 39 46 22 15 . 31 2 32 26 43 . 22 11 27 9 4 . 43 49 35 10 5 . 13 8 6 14 37 . 19 39 31 34 18 . 19 47 20 42 42 . 11 28 36 36 26 . 14 6 23 38 27 . 23 7 19 47 27 . 48 19 15 7 12 . 15 1 28 13 34 . 14 40 26 2 41
-1, 13 14 4 45 1 . 6 33 31 8 26 . 48 31 13 11 28 . 24 5 35 44 18 . 15 41 41 2 23 . 35 5 14 44 44 . 24 30 20 47 44 . 48 25 19 40 49 . 49 3 28 22 5 . 26 32 5 30 1 . 27 16 19 24 30 . 35 32 10 41 37 . 9 48 45 1 31 . 40 34 19 0 44 . 37 32 0 13 16 . 11 26 34 5 25 . 17 36 18 4 30 . 4 23 31 47 8 . 13 19 24 6 25 . 13 8 35 37 39 . 29 38 21 40 34 . 23 42 24 35 46 . 13 25 17 25 41 . 4 15 4 45 44 . 25 41 33 49 23 . 5 1 40 41 6 . 3 41 24 24 2 . 44 43 16 20 35 . 10 42 35 48 9 . 40 23 34 48 31
-1, 15 21 25 5 36 . 1 29 30 28 1 . 1 11 29 46 23 . 8 8 48 22 13 . 27 34 27 28 29 . 23 35 38 2 24 . 22 47 38 15 41 . 3 31 5 43 8 . 4 45 1 21 37 . 30 14 44 45 36 . 27 5 0 6 11 . 35 6 45 20 10 . 34 43 9 48 10 . 19 5 34 3 19 . 13 39 36 27 16 . 34 31 0 17 18 . 11 25 48 24 30 . 38 17 40 29 47 . 25 6 49 36 32 . 6 32 38 47 13 . 23 48 24 42 40 . 42 4 37 5 22 . 43 24 19 49 11 . 43 27 20 37 29 . 38 39 33 49 19 . 19 21 42 19 1 . 24 38 16 0 42 . 7 17 26 12 42 . 40 19 31 31 14 . 30 19 6 25 24
-1, 13 5 8 15 25 . 32 34 34 40 3 . 9 21 14 35 2 . 27 4 42 20 4 . 47 46 40 44 3 . 24 45 37 1 45 . 1 39 39 29 18 . 35 25 9 19 38 . 23 36 15 45 25 . 3 44 0 32 28 . 33 32 19 4 40 . 19 40 10 23 34 . 32 1 37 6 45 . 8 39 19 1 4 . 45 16 5 1 2 . 46 0 7 34 31 . 33 16 49 27 39 . 40 3 20 43 2 . 39 16 25 11 45 . 5 10 4 6 30 . 1 49 12 5 30 . 17 3 42 47 29 . 29 6 25 3 9 . 39 1 48 34 12 . 40 37 39 1 17 . 36 24 44 9 32 . 48 16 9 25 9 . 42 25 27 32 37 . 10 42 1 9 44 . 23 33 11 26 11
-1, 41 1 22 25 46 . 39 33 37 10 6 . 26 18 36 15 27 . 25 12 43 21 47 . 37 8 18 8 9 . 32 10 37 26 1 . 29 19 4 26 26 . 22 47 6 22 41 . 24 11 1 37 15 . 34 17 33 22 30 . 20 44 47 5 11 . 3 44 23 47 11 . 3 9 36 33 8 . 6 33 34 6 14 . 31 2 25 49 41 . 4 6 23 16 4 . 22 35 5 48 26 . 22 22 28 44 44 . 11 34 35 41 35 . 7 10 0 30 39 . 26 21 46 46 37 . 35 36 38 48 14 . 49 9 25 19 22 . 25 11 16 4 10 . 14 44 30 30 11 . 37 48 49 42 42 . 2 24 17 23 28 . 8 39 34 38 32 . 20 37 22 40 27 . 17 32 16 10 48
-1, 0 43 36 9 7 . 2 3 49 10 4 . 9 12 25 12 48 . 47 16 23 33 32 . 45 14 0 18 25 . 36 4 33 39 3 . 37 48 18 42 9 . 6 40 8 29 18 . 44 31 39 18 10 . 13 17 7 43 4 . 21 11 31 32 43 . 23 47 41 42 43 . 27 29 6 22 39 . 48 25 49 20 27 . 27 40 20 35 9 . 34 6 33 25 18 . 13 49 7 2 20 . 32 49 43 28 25 . 2 14 21 40 24 . 34 41 8 10 2 . 32 49 48 0 1 . 39 47 42 27 25 . 0 19 3 44 15 . 31 17 26 39 3 . 4 19 19 47 25 . 18 47 10 2 33 . 23 2 18 4 10 . 20 24 16 6 30 . 6 49 39 19 20 . 38 14 43 34 10
-1, 41 33 19 21 17 . 2 0 32 16 37 . 12 28 15 24 7 . 32 28 18 37 28 . 12 19 14 2 3 . 40 8 20 36 49 . 10 14 8 5 12 . 7 11 31 16 26 . 15 8 4 11 35 . 3 9 17 48 3 . 26 36 1 1 22 . 29 30 12 34 16 . 49 34 17 39 13 . 23 40 14 19 28 . 24 39 26 27 18 . 25 28 11 12 24 . 34 20 15 33 10 . 3 19 5 8 11 . 38 13 25 36 17 . 31 20 1 7 19 . 6 40 14 33 46 . 24 38 31 10 7 . 14 42 6 41 40 . 0 7 24 20 4 . 31 19 46 18 0 . 32 27 38 16 21 . 44 39 30 8 37 . 26 2 3 12 11 . 1 21 10 18 22 . 39 13 20 44 15
-1, 30 17 46 39 33 . 22 13 32 42 32 . 45 43 28 38 10 . 17 4 36 16 45 . 21 33 37 48 31 . 22 16 0 12 40 . 43 35 19 31 28 . 11 35 31 9 46 . 16 21 10 30 39 . 33 16 43 37 44 . 23 16 45 14 18 . 3 16 46 44 49 . 7 15 48 10 2 . 28 8 43 40 35 . 2 46 36 16 25 . 7 40 31 46 31 . 33 11 22 9 33 . 5 27 27 44 20 . 33 44 14 16 30 . 6 48 29 10 13 . 39 49 5 33 17 . 19 4 7 17 45 . 38 43 28 28 44 . 29 18 10 33 46 . 17 5 28 42 23 . 15 13 31 39 39 . 40 19 11 36 10 . 45 6 42 15 3 . 6 23 14 30 4 . 12 47 1 18 25
-1, 44 5 30 49 10 . 2 9 14 18 9 . 26 4 0 36 36 . 9 37 26 4 26 . 43 12 5 34 13 . 8 23 26 47 33 . 28 28 14 18 8 . 47 38 44 33 6 . 47 2 32 37 12 . 9 27 5 38 44 . 10 4 39 3 43 . 19 1 14 42 17 . 24 34 25 19 7 . 8 35 19 10 2 . 19 8 18 37 46 . 8 1 20 17 24 . 33 4 37 33 10 . 17 1 14 13 14 . 12 5 14 8 41 . 1 9 24 15 14 . 16 16 18 49 18 . 46 25 39 33 28 . 47 40 14 17 46 . 27 14 20 38 5 . 16 6 20 35 35 . 31 27 49 20 38 . 45 32 38 25 40 . 9 14 1 17 21 . 9 38 0 9 40 . 42 24 21 12 2
-1, 14 33 30 0 5 . 10 13 31 0 2 . 4 11 2 11 34 . 22 17 21 33 48 . 0 29 14 10 37 . 3 11 15 19 34 . 33 39 27 25 39 . 25 16 27 44 8 . 44 40 46 17 47 . 8 26 26 9 21 . 31 24 39 15 10 . 26 14 29 25 19 . 0 43 6 9 42 . 49 5 21 19 33 . 3 26 23 37 43 . 21 42 26 35 10 . 45 44 27 40 38 . 13 49 12 24 4 . 13 2 15 23 46 . 30 37 25 44 29 . 39 29 37 17 14 . 17 41 47 11 35 . 29 35 2 1 26 . 29 0 0 31 16 . 9 46 8 35 6 . 46 11 5 23 2 . 14 24 19 24 6 . 31 37 0 14 28 . 17 46 38 49 10 . 18 39 34 11 2
-1, 2 36 15 38 40 . 23 48 10 11 7 . 3 33 39 12 37 . 24 42 0 37 44 . 6 1 12 3 31 . 41 9 24 34 8 . 4 39 5 26 16 . 19 35 23 27 5 . 0 14 34 2 46 . 44 48 6 29 10 . 15 31 30 42 31 . 18 3 41 4 23 . 34 30 20 17 9 . 22 49 16 39 20 . 6 45 35 8 40 . 44 1 33 35 36 . 14 30 7 15 4 . 7 7 26 42 46 . 7 38 23 47 0 . 11 36 21 9 28 . 5 9 29 12 32 . 2 33 40 45 33 . 4 28 42 5 0 . 39 0 25 36 7 . 25 36 36 47 25 . 38 27 3 1 25 . 2 11 1 38 29 . 42 7 33 11 23 . 23 21 34 34 14 . 41 5 38 24 0
-1, 28 9 48 48 16 . 33 20 21 42 44 . 46 12 35 28 32 . 13 27 45 39 11 . 17 7 29 27 32 . 41 4 39 8 27 . 49 8 22 35 17 . 26 43 45 9 43 . 28 12 31 25 10 . 45 13 15 29 47 . 47 15 21 4 9 . 23 31 20 11 13 . 46 10 35 45 46 . 26 2 30 21 2 . 4 1 24 45 13 . 13 41 20 19 22 . 12 1 38 7 31 . 0 28 6 44 11 . 1 44 28 18 5 . 26 25 42 49 33 . 5 0 8 27 10 . 18 46 19 24 48 . 40 17 8 5 32 . 6 39 43 15 45 . 21 30 0 9 33 . 11 6 29 15 13 . 4 25 28 45 49 . 4 19 39 29 43 . 11 14 13 16 19 . 17 10 10 37 17
-1, 42 17 32 41 4 . 41 42 39 15 26 . 34 49 1 37 20 . 10 33 39 38 22 . 20 20 6 49 33 . 34 22 0 33 5 . 37 45 10 15 10 . 12 49 13 25 28 . 42 37 17 32 31 . 39 48 19 39 1 . 43 43 49 0 11 . 46 19 41 0 19 . 29 1 45 28 2 . 43 42 4 10 27 . 18 4 46 48 9 . 46 3 45 3 9 . 20 45 25 8 33 . 7 14 35 13 13 . 4 37 31 7 39 . 18 30 22 41 49 . 14 30 42 32 34 . 37 10 41 8 45 . 25 1 8 20 40 . 35 46 16 35 13 . 2 22 12 24 23 . 39 39 1 18 10 . 10 32 30 8 13 . 4 19 35 1 31 . 49 27 34 30 42 . 3 30 19 47 2
-1, 2 33 46 47 40 . 25 0 18 6 13 . 26 40 10 30 3 . 2 25 34 26 7 . 47 19 14 18 29 . 10 9 6 17 38 . 39 37 21 3 5 . 21 6 42 33 26 . 9 2 10 36 21 . 38 41 21 4 42 . 30 24 3 35 18 . 28 18 11 35 8 . 24 49 34 38 1 . 5 20 46 2 5 . 47 18 38 40 42 . 0 46 35 47 9 . 47 6 15 42 43 . 13 17 32 22 33 . 35 2 42 17 4 . 1 12 26 36 21 . 12 14 31 6 44 . 3 1 42 31 44 . 49 1 16 35 30 . 39 22 45 13 16 . 0 12 49 44 48 . 36 7 30 30 1 . 37 23 39 43 28 . 22 23 4 1 15 . 38 36 49 3 5 . 23 0 4 26 26
-1, 13 43 34 18 5 . 25 49 12 26 7 . 18 49 48 15 15 . 47 27 15 11 8 . 28 20 34 9 14 . 24 17 1 36 43 . 45 4 0 23 0 . 28 41 48 37 6 . 10 46 44 25 39 . 15 38 7 16 36 . 32 3 49 14 8 . 6 19 23 19 48 . 28 27 28 36 24 . 36 17 29 41 23 . 46 40 32 6 39 . 2 42 10 22 45 . 27 37 4 37 38 . 30 39 39 27 9 . 27 45 10 39 25 . 21 31 25 21 2 . 42 46 33 5 41 . 15 2 6 6 6 . 17 0 17 12 4 . 13 0 35 24 31 . 44 7 14 35 42 . 47 23 20 48 8 . 49 18 8 11 1 . 10 15 6 25 45 . 18 29 27 26 12 . 10 2 46 21 5
